10104 42 34
16089 18 38
16111 16 41
16409 39 54
16420 44 47
16444 42 50
16612 7 39
17341 41 41
17369 27 49
17473 28 48
17551 20 26
17590 23 39
17597 25 33
17627 22 30
17656 27 36
17772 26 35
17834 37 53
17898 33 57
17923 33 42
18045 43 54
18354 45 65
18573 42 64
18786 46 63
18837 37 55
19035 33 39
19320 41 51
19439 26 34
19516 29 25
19519 28 31
19702 40 57
19712 43 55
19741 50 59
19885 41 54
19933 31 42
19934 31 43
19954 24 49
19959 26 58
20017 55 73
20044 37 84
20113 50 64
20165 41 64
20227 26 46
20558 46 46
20616 44 52
20710 35 47
20914 33 54
20935 38 57
21400 36 49
21525 42 59
21611 25 34
21634 25 44
21700 34 48
21835 27 39
21948 52 57
21952 48 56
21964 45 67
22020 30 36
22089 25 45
22802 33 38
22824 27 37
22854 32 42
22917 25 58
23133 40 37
23218 54 66
23317 35 50
23611 27 37
23882 40 37
23903 40 39
24041 26 35
24079 33 56
24219 36 39
24261 38 59
24283 29 62
24288 30 58
24334 45 53
24344 50 49
24414 43 53
24465 32 50
24507 27 45
24573 38 33
24614 44 61
24639 42 59
24807 32 50
24855 38 49
24908 30 69
25121 34 56
25135 33 45
25140 35 43
25155 45 41
25165 47 39
25195 34 54
25338 35 49
25367 31 52
25387 33 54
25408 36 67
25425 33 66
25434 36 59
25526 46 60
25649 63 71
25737 44 58
25762 22 55
25774 76 0
25798 30 46
25934 46 54
26039 58 66
26083 40 61
26100 48 61
26376 47 55
26406 51 62
26478 33 55
26951 33 50
27281 27 26
27307 29 42
27345 48 56
27362 49 50
27511 36 48
27620 33 48
27633 42 52
27812 38 61
27915 32 41
28024 35 56
28083 48 47
28333 39 61
28351 36 69
28600 25 36
28615 25 34
28701 12 33
28797 31 42
28845 42 52
29289 47 72
29318 40 47
29513 29 41
29545 42 46
29553 39 50
29631 33 45
29973 38 40
29982 40 40
30411 38 50
30525 40 64
30576 32 47
30800 27 44
31188 31 49
31427 34 47
31441 28 41
31655 49 72
31664 59 59
31691 65 61
31700 58 72
31720 40 78
31746 35 61
31768 40 61
31772 39 56
31992 29 64
32013 34 64
32110 36 65
32283 44 60
32328 48 50
33084 42 49
33270 7 14
33357 30 53
33538 50 88
33600 48 47
33649 38 54
33733 42 61
33944 49 54
33988 42 40
34071 37 41
34132 29 51
34183 42 64
34191 40 63
34588 19 32
34648 30 47
34649 31 46
35548 26 52
36223 34 33
36271 41 47
36439 46 50
36605 40 51
36736 54 57
36742 55 61
36847 50 60
37061 32 48
37482 24 32
37490 24 30
37526 21 27
37674 35 59
37853 41 57
37932 36 41
37984 32 36
38123 44 47
38444 40 53
38762 29 46
38849 28 43
39120 34 44
39233 22 39
39280 31 40
39536 36 66
39845 38 59
40033 34 47
40395 29 34
40437 17 40
40605 40 67
40625 41 55
40661 45 52
40772 36 56
40850 42 68
40910 41 48
40916 42 47
41216 38 37
41678 30 45
41965 52 59
42029 25 43
42183 34 39
42339 38 45
42358 38 68
42587 34 60
42592 34 63
42627 42 80
42680 38 64
42737 29 55
42768 36 50
42817 33 36
43097 45 50
43098 44 50
43139 23 33
43153 20 24
43154 21 23
43309 12 16
43400 38 51
43574 50 57
43808 31 63
44214 34 46
44254 29 60
44603 42 73
44716 41 49
44732 39 49
44755 35 48
45222 19 34
45372 42 68
45405 40 71
45477 42 53
45495 42 62
45564 40 61
45632 47 58
46128 40 57
46177 32 62
46182 30 64
46215 40 54
46341 20 41
46552 43 58
46704 30 51
47214 40 55
47275 31 56
47305 31 53
47495 38 62
47570 27 53
47625 35 53
47693 34 55
47712 43 39
47744 41 43
48002 41 53
48055 47 59
48277 28 48
48308 32 40
48336 46 32
48346 39 30
48381 33 42
48397 38 46
48461 34 52
48878 40 61
48881 46 66
48962 50 73
49323 47 49
49608 18 28
49707 24 63
49823 25 57
50092 27 41
50286 39 76
50442 32 46
50450 27 50
50574 32 57
50591 30 46
50734 28 50
50742 26 49
50925 31 36
51039 33 70
51048 30 66
51264 36 77
51823 49 46
52241 32 59
52657 41 66
52662 40 65
52983 32 55
54502 25 65
58316 41 67
60028 32 58
60666 37 60
61386 37 72
61468 34 61
62868 28 41
63206 33 74
63402 33 42
64080 20 51
64204 25 65
64616 17 39
64663 19 43
64819 30 65
65060 28 62
65100 28 56
65106 23 59
65293 26 56
65330 36 65
65646 22 39
65937 33 75
66214 35 56
66653 34 69
66972 23 54
67382 41 46
69767 21 48
71783 26 58
77016 34 73
77144 39 78
77524 36 73
78486 29 44
80432 28 80
82801 11 74
86729 12 70
86789 23 100
86933 30 82
87194 23 70
87228 28 66
87438 29 85
87851 18 70
88099 27 89
88105 29 95
88949 18 40
88973 12 34
89168 22 59
89447 14 57
89450 14 59
89493 22 56
89494 24 58
89542 16 75
89674 23 69
89775 22 56
89836 16 48
90028 21 87
90030 21 88
90250 25 79
90357 19 75
90413 19 77
90751 23 90
94895 23 75
95088 21 58
95294 11 52
95392 24 60
95509 29 80
95691 17 71
96082 16 59
96131 23 54
96217 13 74
96227 16 77
96323 19 89
102627 15 62
102645 12 55
102824 14 53
102871 13 54
102905 17 57
103107 11 20
103661 19 77
103901 14 72
104033 11 69
104152 19 74
104188 15 44
104277 23 66
104300 20 58
104373 22 97
104377 23 93
104449 23 68
104503 8 75
104515 11 78
104553 19 80
104992 6 34
105254 21 80
105378 13 83
105688 19 85
105838 31 89
105922 37 107
106003 24 120
106689 23 63
107443 23 88
107790 18 79
109532 17 85
110737 17 68
110764 8 72
111322 17 85
111896 22 77
114146 5 61
116085 12 88
116130 17 86
118248 11 91
121618 5 109
122855 3 81
123934 4 81
126632 1 80
126743 1 56
128907 3 71
129960 1 84
132572 95 0
135401 1 98
137285 2 108
137678 0 102
140943 1 73
141630 0 96
142083 2 84
145164 1 75
148156 6 83
148331 5 101
150779 3 99
151127 2 89
151394 3 91
153075 1 80
153222 3 69
156755 1 58
158956 6 90
159166 3 99
159230 3 69
159352 1 71
162494 3 88
163967 3 90
165144 5 99
166587 7 86
168133 6 88
168178 11 105
168578 7 73
168984 9 84
169290 3 84
169452 13 56
169938 4 55
170778 6 70
171097 1 95
178214 4 94
178487 9 94
183307 0 68
183308 1 69
185261 5 37
185411 15 83
185417 15 87
185626 11 87
185846 7 70
186675 13 98
186892 8 91
186916 9 87
186987 10 59
187320 17 90
187353 11 68
187740 12 75
187884 10 68
189080 100 1
189081 100 0
189723 11 75
190876 9 73
191108 14 68
191137 18 70
191184 19 60
191241 13 59
191365 16 70
191560 16 51
191890 9 75
191917 11 70
192641 20 77
193276 13 65
193417 7 58
193473 9 86
193628 9 69
193668 15 69
194047 14 61
194053 11 66
194260 15 74
194299 17 59
194351 12 75
194419 9 94
194533 13 59
194614 15 53
194656 10 59
194811 14 73
195073 10 51
195206 9 68
195358 10 84
195766 18 77
196115 18 47
199105 22 70
199403 15 84
201973 10 42
202394 11 75
202414 16 51
203039 15 70
204167 15 72
205138 29 82
205199 11 80
205208 12 74
205874 22 77
206187 15 53
206336 20 73
206575 10 62
206709 15 50
206756 10 68
206786 17 71
206848 26 42
206892 20 62
206906 18 63
206920 21 64
206936 23 73
206968 19 66
206986 25 62
207040 19 72
207094 24 53
207129 21 90
207220 12 71
207283 22 69
207292 21 77
207346 19 78
207358 16 65
207451 20 52
207631 12 66
207736 18 56
207991 24 54
208181 24 50
208195 21 65
208275 21 93
208418 21 60
208468 25 69
208554 17 68
208804 14 58
208843 14 61
208921 16 61
209095 16 46
209155 29 56
209209 15 62
209482 19 63
209761 19 68
209853 17 54
211768 22 90
212326 25 71
212344 22 70
212349 21 68
212353 22 72
212449 17 80
212482 15 62
212538 18 84
212631 21 75
213031 18 61
213061 20 60
213126 22 88
213146 25 94
213154 26 89
213493 19 67
213556 27 87
213580 25 65
213619 14 72
213646 12 55
213670 14 46
213772 10 77
213849 21 60
213856 20 59
213861 18 68
214071 22 67
214248 15 58
214258 15 54
214305 10 57
214622 15 64
214714 21 61
214833 12 56
214888 13 63
214918 9 50
215116 16 79
215120 17 75
215180 16 68
215285 17 73
215462 20 66
216647 14 77
218831 18 60
218903 18 44
220550 17 75
220551 17 75
220663 19 66
220803 24 83
220950 26 76
223967 15 49
225776 17 48
226779 25 75
231034 15 48
231112 25 79
231426 41 84
232508 23 60
232914 25 61
233081 24 51
233507 20 89
233585 22 65
234325 11 73
234545 23 76
234916 19 63
234988 19 88
234990 20 90
235358 29 77
235423 25 74
236810 19 53
237449 16 47
237780 28 49
237838 36 59
238429 32 70
241114 25 70
242111 24 64
243194 28 75
243291 28 80
243530 20 51
244308 11 51
244768 27 53
244915 18 71
245307 19 53
245680 28 61
245895 25 46
246138 19 61
247567 25 59
249918 8 29
250138 21 69
250455 27 58
250504 23 62
250840 27 51
250896 17 58
252203 39 64
254148 14 69
254474 26 68
254495 27 71
254579 23 87
254632 31 64
255028 18 49
255178 24 60
255189 27 67
255192 29 66
255215 33 56
255330 25 43
255358 22 57
255754 19 56
258590 25 54
258883 23 53
259198 21 67
259415 34 71
259493 17 47
259694 27 53
260357 30 61
260586 19 62
260605 20 51
260618 20 49
261045 29 62
261149 20 41
261362 32 65
261635 29 49
261659 35 64
261740 33 83
261861 31 61
262265 22 62
262301 23 58
262310 19 50
262400 22 40
262513 27 54
263036 20 69
263487 20 55
263592 16 57
263625 23 53
263896 32 66
263968 40 65
264232 23 53
264468 31 55
264537 20 40
265092 27 49
265258 43 80
265328 25 80
265514 35 60
265583 24 53
265690 20 53
266015 30 57
266760 22 55
266800 23 46
266808 24 41
266839 29 44
266907 23 58
266924 21 47
267161 18 58
267267 27 46
268096 27 58
268265 39 69
268398 20 66
268643 21 51
269072 0 67
269266 39 68
269607 26 70
269770 19 59
271098 19 52
271454 0 53
271573 0 91
272165 45 63
272462 23 45
272744 27 54
274575 19 51
274731 87 0
276355 71 2
277334 33 52
277361 42 59
277454 26 65
278085 28 62
278944 69 0
279996 16 24
281196 34 59
281634 31 64
282032 22 34
283562 11 23
287504 17 59
288823 23 58
290428 93 0
294414 41 56
295051 44 58
295871 27 48
296368 30 55
296395 23 50
297017 34 53
297188 21 44
297197 24 43
297254 35 62
297335 29 71
297367 27 50
297637 33 49
297639 32 51
297811 30 56
298017 46 61
298032 40 67
298097 25 46
298111 26 44
298244 23 42
298398 35 47
298461 36 71
299004 43 48
299019 44 44
299119 90 0
299516 30 32
300018 34 44
300266 23 48
301068 30 64
301291 44 55
303907 29 59
303959 37 48
304123 31 42
304164 74 0
304694 37 61
306230 88 0
306251 46 39
307340 14 41
307727 78 1
308752 73 1
308852 41 49
308863 29 43
309213 36 42
309785 40 63
310182 33 34
312061 43 37
312455 31 50
313183 38 46
314164 52 49
314886 30 52
315277 97 1
318992 42 65
319558 30 35
319700 49 77
322463 39 44
322681 32 41
323273 0 106
323274 0 105
323275 1 104
323345 0 95
323368 50 47
323611 0 54
323697 1 80
324248 51 70
324448 27 25
324487 0 65
324624 1 110
324637 1 109
327570 30 51
327675 46 51
328473 33 55
328484 28 40
329213 40 37
329340 41 40
329475 41 57
330042 47 64
330244 28 41
330285 32 36
330286 32 39
330366 33 41
330396 27 54
330504 36 47
330714 26 43
330945 33 32
331024 27 38
331068 54 36
331133 37 47
331402 31 52
331412 32 54
331753 38 29
332418 42 49
332895 30 59
332988 39 42
333290 54 51
333329 37 62
333368 43 48
333374 45 49
333470 38 52
333749 38 51
333896 31 41
333908 40 49
335124 35 39
335873 45 43
336942 49 53
336953 39 49
337017 61 56
337052 67 53
337167 60 58
338244 39 28
338425 43 50
340080 45 60
340448 40 47
341765 38 38
345246 53 66
346116 41 56
347476 54 53
347577 16 20
347729 32 33
348698 52 51
349581 36 37
350502 30 32
350677 38 32
354132 51 41
354458 59 61
356362 43 47
356371 44 40
356410 30 36
356638 41 35
357347 32 50
357349 29 48
358508 55 44
358520 58 44
358644 49 41
359023 22 0
361530 65 38
361585 39 29
361590 41 30
361815 69 37
362414 47 30
362545 38 37
362827 40 33
363497 37 31
363862 33 45
364157 44 41
364967 48 58
365715 45 40
366159 45 43
366459 46 36
366582 26 26
366594 29 33
366897 50 36
367095 33 30
367521 53 50
367559 38 38
367844 54 37
368184 55 51
369030 39 41
370085 35 21
370871 43 47
371210 35 37
371337 51 65
371754 27 22
371958 47 43
372260 48 36
372377 39 45
373135 68 41
373767 46 47
373800 58 52
374055 48 31
374079 40 44
374310 38 30
374660 42 36
374743 116 1
374767 115 0
374809 81 0
376314 53 37
376491 61 55
377032 68 35
377352 41 38
377752 59 44
377888 86 0
379437 43 34
380620 39 29
381032 39 27
381890 38 24
382897 54 39
383565 94 0
383710 19 25
385703 28 23
388127 25 25
388137 34 27
389874 38 29
389980 49 42
390264 54 39
390358 56 43
390378 56 36
390591 34 48
390615 51 48
390789 56 50
390846 66 48
390894 60 48
390955 72 41
391119 64 48
391300 64 39
391359 56 37
391365 54 35
391569 45 33
391591 43 31
391635 51 46
391753 54 47
391797 73 48
391818 66 37
391830 56 48
391872 51 34
391905 50 32
391917 50 28
391962 60 32
391971 61 38
392064 60 42
392077 68 34
392156 55 34
392560 58 51
392590 52 42
392735 48 35
393023 53 35
393051 45 44
393054 47 44
393102 44 31
393111 49 32
393351 56 29
393399 48 49
393426 50 40
393704 57 47
393813 45 34
393864 51 54
393906 57 47
394024 76 53
394077 63 39
394140 59 46
394162 48 39
394168 47 35
394188 63 46
394242 56 29
394393 41 21
394441 25 33
394559 27 24
395170 48 45
395339 59 43
395543 60 36
395702 49 34
395735 52 25
395842 60 36
396545 58 37
396570 55 37
396665 54 25
396731 48 39
396881 36 19
397662 56 34
398212 46 27
398281 51 24
398342 64 52
398441 40 21
398754 64 35
398967 50 28
399957 57 44
400004 59 39
400050 54 33
400127 1 60
400977 44 25
401252 41 30
401892 34 44
402102 44 47
402309 52 49
402456 61 37
402462 60 37
402770 59 40
402782 65 38
402972 59 31
403004 63 37
403094 50 32
403099 54 34
403147 58 36
403154 63 44
403295 66 23
403451 57 24
403836 65 42
403845 60 43
403865 59 41
404001 62 41
404052 51 41
404480 57 41
404621 58 51
404771 69 37
404942 34 31
404996 41 26
405029 38 19
405044 32 27
405757 39 50
405796 51 26
405803 50 27
405842 49 39
405848 57 39
405850 57 40
405962 53 19
406069 45 54
406075 47 53
406134 39 29
406203 31 15
406274 33 39
406275 35 37
406754 59 36
406784 51 32
406841 54 46
407115 56 44
407153 51 48
407286 41 30
407339 41 34
408125 44 29
408356 81 46
408378 84 52
408506 57 38
408509 56 39
408673 76 46
408787 60 54
408946 51 43
409115 49 33
409316 58 33
409623 53 25
409920 44 35
410246 45 17
410738 59 26
410747 46 27
410942 50 30
411041 51 46
411354 56 35
411668 53 35
411929 67 40
411944 74 46
412015 61 41
412274 71 43
412370 34 39
412737 46 39
412764 56 39
413104 55 28
413295 55 21
413315 40 26
413687 55 40
414011 75 37
414026 61 44
414278 61 40
414428 49 31
414683 49 28
414952 24 15
414982 33 30
415126 29 14
415135 36 18
415262 36 37
417422 40 25
418169 55 20
418268 58 29
418301 59 23
418768 60 29
418804 53 33
420064 55 42
420182 0 95
420266 1 89
420267 0 88
420277 1 89
420325 0 74
420341 0 81
422747 45 39
427279 86 43
431064 79 36
433149 48 19
434508 42 16
437956 63 27
442266 47 27
442391 64 28
442393 67 29
442717 43 21
442737 56 23
442990 0 91
445767 57 20
445984 84 31
446678 61 20
447325 71 24
447383 71 23
447755 58 27
448976 74 35
449115 53 24
449641 75 21
453090 65 14
453938 66 32
454973 81 29
456296 65 26
456356 61 15
456438 64 12
457244 49 15
457486 41 9
458515 75 19
459666 84 28
460626 68 17
461486 51 13
461864 65 24
462479 53 31
463555 76 29
463776 69 16
463941 69 22
463993 76 13
464118 66 20
464234 56 14
465006 72 22
465188 65 17
466104 46 16
466589 84 25
467029 46 19
467220 82 29
468489 62 17
469225 57 17
469871 36 5
470302 65 21
470331 67 22
470441 86 23
470845 70 19
473303 75 20
473648 73 18
478701 77 23
480472 88 25
481081 62 14
481896 62 21
484904 66 17
485549 54 22
486859 58 12
487250 80 31
487818 96 28
487935 88 18
488598 77 22
492375 73 34
493333 60 24
495918 76 31
497303 71 30
497844 70 19
498514 57 25
499188 75 15
499614 45 19
500387 57 12
500621 65 19
500627 61 24
500652 67 18
500701 56 20
500721 65 22
500742 62 15
501214 54 12
501247 55 22
501338 42 26
501452 51 16
501463 49 17
501546 60 35
501563 66 42
501765 80 31
501824 52 33
501883 92 40
502079 83 27
502292 88 25
502322 62 29
502486 82 46
502498 75 39
502729 67 29
502885 34 23
502975 46 26
503187 53 24
503261 68 21
503520 57 23
503593 44 21
503659 38 16
503689 44 21
504614 44 33
504677 58 27
504830 76 28
505410 65 23
505441 56 30
506144 57 22
506920 52 18
507053 53 22
507058 55 23
508757 52 22
509173 53 24
509580 60 26
511616 47 21
511916 72 40
513243 70 33
513525 46 20
513630 49 33
513783 52 41
513927 47 30
514134 64 23
515028 39 21
515081 52 19
515089 53 21
515393 60 19
515478 64 32
515537 41 15
515602 35 27
516034 42 26
# 516909 41 8
517269 71 19
517634 69 34
517970 22 18
518602 69 26
518686 73 25
525219 61 28
525380 59 22
525575 54 27
525960 52 20
527014 63 30
527275 66 33
527281 75 33
527794 73 32
528047 51 25
528195 57 23
529082 60 40
529136 68 20
532649 54 30
532790 58 29
533282 50 31
533533 45 34
534210 58 33
534351 55 33
534813 36 16
534949 42 20
536942 71 30
537552 67 36
537637 63 42
538257 47 21
538397 62 24
538530 48 24
539456 47 29
539903 23 12
540184 57 35
540188 52 38
540589 52 34
540811 54 26
540838 62 33
540985 40 34
541056 58 31
541168 59 45
541405 80 37
541561 22 19
541746 85 39
541750 80 41
541912 62 51
541942 61 38
542034 55 30
542052 60 40
542117 45 33
542157 51 33
542570 77 47
542627 78 48
542645 69 28
542690 47 34
542931 43 26
543005 53 38
543016 55 47
543643 56 35
543829 41 31
544303 43 35
544324 47 40
544644 59 29
544661 50 20
544744 73 35
544998 50 32
545184 43 17
545273 61 33
545517 55 30
545697 65 38
545945 28 22
546186 39 35
546237 72 31
546598 44 27
546706 54 31
547250 47 45
547408 47 40
547464 35 25
547700 60 35
547721 57 25
547766 50 26
548403 52 41
548516 80 33
548771 45 31
549170 77 40
549199 63 40
549239 49 39
549291 36 24
549415 60 45
549448 55 30
549560 50 26
549689 45 32
550173 44 26
550193 49 29
550908 49 19
551869 59 40
551939 56 33
552035 41 24
552067 35 12
552144 45 25
552287 32 50
552334 47 26
552548 57 40
552682 36 29
552709 36 41
552787 41 32
552957 72 34
553207 43 33
553370 55 44
553539 46 35
553652 71 35
553832 51 34
554140 41 26
554151 50 26
554217 48 27
554609 57 44
555245 66 44
555416 57 47
555441 71 47
555551 55 37
555641 50 40
555698 70 36
555821 42 28
556301 50 44
556380 53 28
556391 54 27
556412 51 28
556547 54 43
556862 41 27
556914 46 45
558289 59 29
560313 61 37
560870 57 42
560881 55 33
560883 52 37
560972 53 41
561038 41 25
561043 45 28
561076 39 33
561110 47 24
561350 16 28
561364 26 29
561370 34 29
561394 47 32
561473 26 32
561486 32 40
561496 38 36
568362 47 33
568368 46 40
568547 44 40
568618 34 32
568753 55 40
568837 76 39
568858 54 45
568887 49 44
568902 61 45
568966 65 39
568967 65 39
568996 68 47
569044 64 42
569371 43 45
570002 73 52
570777 53 41
571166 9 7
572046 25 13
572070 46 32
572097 56 38
572102 40 34
572195 54 51
572596 29 39
572597 30 35
574150 69 43
574170 58 41
574190 52 39
574362 55 26
574408 33 27
574682 60 36
574697 58 39
574776 66 47
575525 43 32
576018 37 32
576084 58 34
576121 55 26
576309 72 38
576317 61 34
576383 40 34
576675 29 13
577194 33 23
577269 71 48
577292 67 56
577301 49 51
577325 58 44
577382 43 48
577727 51 36
577754 44 29
577824 60 30
577917 52 42
577988 39 38
578628 71 43
578768 0 110
578769 0 114
579121 71 37
580002 47 47
580005 52 48
580534 65 36
580610 55 42
581286 61 34
581472 62 44
581502 57 43
581872 45 46
581894 60 39
581924 56 40
582057 50 37
582432 38 29
582651 56 33
582726 49 34
582810 59 48
582846 47 28
582944 49 43
582958 53 51
583083 60 38
583481 41 23
583620 46 33
583930 45 36
584126 44 36
584635 59 34
584770 46 28
584861 57 36
585051 31 35
585226 65 51
585292 62 46
585720 35 17
585962 33 34
585996 36 33
586448 50 37
586543 46 42
586546 49 43
586560 46 45
586773 51 35
586794 49 37
586871 59 35
587028 40 26
587725 68 20
588085 51 28
588114 54 33
588859 43 36
588903 62 41
588959 53 33
589185 77 40
589356 53 33
589484 53 45
589622 71 40
589664 58 40
589847 67 46
589893 64 33
589946 54 35
590547 42 34
590833 45 35
590903 55 53
590927 62 52
591058 71 58
591189 59 51
591210 53 45
591230 50 42
591245 56 41
591334 30 28
591335 31 29
591344 28 26
591390 32 17
591420 43 19
591433 54 34
591460 58 31
591502 78 37
591556 49 42
591601 49 38
591830 59 47
592102 57 34
592518 56 21
592909 54 41
593099 41 28
593213 54 54
593575 45 32
593736 56 32
593883 51 36
594246 52 41
594474 45 36
594531 52 42
594588 48 40
594860 46 49
595123 52 35
595364 38 27
595434 27 20
595549 25 23
595591 62 39
595762 57 40
595893 62 43
595975 58 36
596487 63 32
596700 56 45
597130 58 40
597333 38 45
597474 58 41
597561 48 37
597836 56 45
600272 13 4
602521 51 36
602658 53 38
602824 0 68
602860 49 27
603545 64 61
603709 34 48
603842 70 39
604247 40 22
604471 41 23
604879 56 28
605032 48 28
606273 28 19
607186 28 46
607236 56 44
607767 74 42
611511 61 32
612523 51 44
612847 31 22
613268 56 36
613373 55 30
613459 43 44
613773 53 56
614336 57 54
614340 57 50
614500 41 26
614559 37 22
614560 36 19
614583 42 19
614589 37 24
614760 44 34
614792 46 33
614815 57 42
614817 59 42
614958 47 43
614988 53 47
615001 49 38
615324 42 41
615522 35 36
615555 41 40
615762 58 40
616014 49 49
616020 50 52
616069 71 40
616166 39 18
616170 38 15
616988 40 31
617566 40 23
618549 34 31
619154 56 44
619282 42 32
619724 34 17
623406 52 37
625862 60 37
628717 42 31
629833 42 49
636755 43 24
637730 40 39
639288 40 48
644950 49 46
646586 35 39
646870 58 39
647175 48 34
648790 41 33
648909 38 29
649811 42 44
652239 58 38
653558 52 50
653594 53 49
653636 46 39
655139 56 54
655175 51 52
655316 64 51
655325 68 38
655448 66 59
657134 40 39
657203 50 47
657548 36 28
657607 58 34
657611 57 38
657740 59 65
661860 44 41
661984 54 39
662513 42 38
663084 55 69
665037 23 26
665098 58 45
667217 54 42
668534 51 50
671893 53 53
672282 21 27
674211 54 51
676369 47 48
676471 51 44
676653 49 48
676732 42 46
676835 51 53
676906 37 40
676918 38 37
677204 50 46
677208 52 40
677353 61 65
677423 40 34
677439 37 39
677531 42 30
677610 43 42
677650 32 37
677800 63 50
677808 57 45
677842 60 36
677959 52 43
677965 40 46
677986 36 40
678028 43 45
678109 57 50
678145 40 43
678305 51 62
678307 50 62
678323 43 63
678583 13 9
678760 47 54
678892 50 45
679027 51 65
679090 45 33
680931 49 57
682207 30 42
682581 61 44
682650 57 38
686682 53 37
686787 46 44
686859 49 30
688149 59 40
688150 59 40
688151 60 42
688573 47 41
689030 52 40
689058 50 48
689311 44 46
689559 49 56
689570 60 54
689583 63 45
689945 53 39
689965 43 31
689984 35 27
690163 38 37
690429 54 52
691116 41 45
692613 61 45
694274 15 14
694766 67 62
694869 55 57
695004 19 38
695041 35 29
695119 49 39
695360 58 54
695953 52 48
696248 41 45
696648 49 48
696990 44 25
697059 52 31
697679 55 51
698190 48 39
698661 40 38
698697 45 36
698754 58 48
699117 51 48
699153 46 38
699229 50 48
699489 29 23
700167 54 45
701568 56 40
701619 52 40
701962 60 46
702992 53 58
703331 47 47
703408 41 47
703537 44 37
703604 42 42
703884 52 52
703888 54 52
703950 58 47
704095 65 44
704115 62 51
704249 53 50
705006 43 44
705189 66 58
705288 53 57
705402 53 44
705532 65 49
705556 71 50
705571 74 52
705672 45 61
705871 39 27
706529 53 40
706576 45 47
707138 45 35
707188 42 39
707510 46 41
707556 43 40
707766 49 56
708457 44 48
708871 50 58
709318 73 76
709339 1 118
709676 49 49
709753 43 50
709805 50 57
709907 31 37
710082 50 31
710458 40 42
713669 55 31
713711 34 38
714220 50 51
714274 43 41
716056 42 35
716299 37 36
716317 35 28
716326 34 24
716565 30 28
716751 27 16
717121 58 40
717422 38 45
717529 53 54
717905 61 53
718497 34 29
718668 23 31
719054 33 41
720707 59 43
721220 29 36
722746 43 44
723138 49 44
727465 25 15
728933 66 50
730475 42 37
730652 37 31
730789 45 49
730973 17 27
731054 43 36
731081 43 34
731231 47 40
731281 58 47
731633 47 47
731734 53 38
731855 46 34
732034 51 43
732853 52 43
732855 48 46
733072 44 44
733410 47 51
733694 55 38
735428 41 44
735888 29 29
737419 53 52
741003 46 53
743335 52 35
744855 48 46
745341 58 44
745594 39 46
747433 58 42
748071 35 47
753726 52 43
754293 35 21
754365 51 34
754559 30 38
757947 56 60
758122 58 40
758325 52 44
758807 61 42
761389 33 47
761619 55 39
763022 37 25
763472 61 46
765329 57 38
766522 84 0
766894 37 34
769531 36 21
771371 53 47
772187 60 38
772253 58 49
776399 41 30
778346 38 35
