11 5 0
12 5 2
18698 43 45
19079 40 49
19190 44 48
19235 63 45
19418 46 34
19592 47 45
19607 47 54
19787 42 36
19818 35 28
19831 39 37
19876 40 42
19888 34 31
19909 24 20
20002 35 47
20018 42 48
20040 42 38
20156 48 32
20162 44 31
20199 43 27
20227 36 54
20234 37 51
20240 40 54
20300 49 43
20343 34 37
20365 38 32
20401 38 41
20422 37 32
20451 36 40
20601 45 33
20618 50 49
20629 45 57
20685 37 33
20944 19 12
21052 37 44
21251 52 37
21383 40 47
21404 36 49
21406 35 48
21692 48 40
21829 40 40
21836 35 46
21868 53 40
21956 38 49
21958 38 49
22018 41 44
22027 43 52
22048 45 58
22073 48 47
22077 59 45
22082 60 41
22200 45 39
22394 55 42
22435 42 29
22436 39 30
22442 43 36
22490 29 42
22508 23 49
22571 27 43
22602 41 48
22641 45 48
22752 49 31
22901 45 33
23029 46 52
23061 49 42
23158 39 42
23227 45 50
23567 49 42
23819 40 47
23825 37 48
23844 47 48
23845 48 48
23859 45 51
23980 47 49
24050 51 46
24178 37 49
24245 49 40
24278 53 51
24314 34 41
24322 44 43
24383 46 51
24590 40 36
24680 44 38
24734 34 35
24889 35 39
24892 32 38
24925 35 37
24947 34 41
25142 43 41
25332 30 20
25448 30 42
25492 48 38
25498 42 35
25544 36 36
25639 35 42
25816 31 38
25932 44 32
26175 49 48
26193 48 38
26361 45 47
26816 30 28
26921 47 49
27766 50 28
28083 40 37
28175 44 39
28251 56 43
28348 45 37
28430 32 31
28486 45 42
28675 40 33
28712 45 37
28823 42 37
28844 47 45
28867 36 38
29084 35 44
29136 40 44
29159 45 45
29413 44 30
29436 44 35
29439 45 36
29611 45 38
29772 42 49
29780 46 53
29947 44 38
29948 42 37
30011 55 47
30086 38 35
30100 0 65
30326 37 50
30767 35 31
30929 46 33
31127 53 49
31220 50 50
31550 39 46
31898 27 23
32579 32 38
33110 31 25
35977 59 50
36309 46 42
36660 32 32
37550 41 41
40117 40 44
45079 0 69
48831 34 20
49829 34 32
50190 26 51
52685 49 39
53267 47 55
55031 50 27
56779 33 46
61316 27 29
62372 42 45
63614 46 45
63673 38 40
63857 25 41
63862 23 38
65439 45 42
65515 19 30
65693 40 50
65726 50 52
65833 46 31
65839 46 35
65890 45 42
65990 60 45
66336 43 41
66593 52 47
66712 44 41
66944 42 38
67067 42 43
67245 51 44
67352 40 40
67365 42 35
67366 40 35
67724 32 38
68069 58 43
68251 42 37
68366 42 46
68371 36 44
68669 58 47
69004 42 40
69394 50 32
70017 51 44
70042 40 35
70122 41 32
70242 47 39
70539 22 23
71061 58 36
71639 30 35
71720 47 40
72985 40 33
73288 32 38
73364 56 45
73715 41 44
73828 53 48
74639 38 32
74870 37 32
75084 45 40
75901 39 38
75929 38 31
76055 41 33
76542 45 32
76601 34 37
76838 37 44
76840 37 47
76923 35 37
77022 39 57
77137 21 29
77218 72 45
77518 41 42
77741 43 28
78274 38 41
78392 29 38
79334 44 44
79796 43 40
79985 40 55
80021 48 44
80087 22 22
80878 41 44
81094 30 46
81238 45 36
82031 41 47
82169 51 34
82286 36 30
82319 39 37
82755 40 41
82777 30 40
82790 35 37
82944 34 35
83006 43 42
84449 30 31
84453 29 35
84502 38 28
84881 53 51
85268 54 45
85383 45 36
85630 45 41
86367 36 49
86677 39 36
86879 36 22
86976 36 34
87078 36 39
87284 37 24
87338 35 34
87685 40 42
88051 41 50
88067 59 42
88296 39 47
88420 43 31
88450 39 43
88701 46 30
88890 46 58
89130 46 40
89772 45 50
89862 44 37
90627 52 39
91610 32 39
91627 34 42
91949 36 32
91965 25 31
92360 6 8
92364 5 12
92526 40 41
92531 40 42
92533 40 42
92876 42 31
93017 23 30
93071 33 36
93100 37 36
93140 48 38
93159 40 32
93312 36 27
93339 43 28
93358 48 45
93486 53 43
93652 59 34
93660 57 33
93812 40 29
93952 43 41
94029 45 50
94030 42 46
94042 43 48
94170 40 46
94498 59 32
94520 60 30
94564 40 31
94615 36 32
94648 26 28
94679 34 30
95186 28 20
95354 23 33
95608 44 27
95639 25 33
95819 37 40
97427 47 36
97557 26 21
97597 40 24
97652 42 34
97826 45 55
98054 45 33
98258 59 38
98307 40 37
98469 48 42
98653 41 37
98694 53 39
99132 37 26
99255 42 56
99537 27 37
99665 28 49
100124 54 39
100148 48 43
100255 31 31
100680 36 42
101262 57 35
101727 46 39
101963 40 39
102247 38 40
102369 39 39
102469 42 54
103350 29 31
103522 39 51
103582 37 62
103612 61 61
103804 44 48
103884 56 53
103916 43 50
104466 50 34
104635 46 49
104677 55 39
107404 42 49
108686 42 35
108811 62 42
109031 51 41
109071 44 34
109153 35 41
109242 41 34
109355 41 42
109363 43 40
109398 53 38
109401 51 39
109425 44 33
109506 44 42
109575 41 44
109705 39 46
109727 45 40
109734 44 41
109763 35 43
109884 28 40
110062 47 55
110461 53 41
110707 59 42
110805 50 48
110986 43 45
111244 52 51
111421 38 39
111436 39 37
111824 37 42
111930 61 36
111938 64 35
111939 64 36
111991 48 41
112026 41 33
112137 34 36
112238 46 29
112276 54 57
112354 44 43
112356 43 42
112544 49 35
112687 46 40
112700 42 39
112730 57 54
113020 49 39
113066 50 48
113142 45 30
113143 42 27
113250 39 34
113365 58 57
113449 42 35
113492 42 44
113562 46 42
113658 50 46
113671 47 42
113756 42 38
113830 45 33
113901 31 31
114077 47 43
114212 35 38
114240 42 29
114309 37 45
114328 42 38
114527 39 39
114557 37 47
114647 31 30
114648 32 29
114657 30 37
114722 50 50
114770 46 43
114856 37 43
114986 57 41
115037 34 42
115045 38 40
115106 44 46
115269 31 39
115376 38 34
115398 35 39
115467 50 39
115484 48 36
115510 36 30
115583 46 44
115715 40 39
115806 35 36
115938 38 33
115946 36 31
116126 45 31
116312 51 45
116335 42 62
116400 34 21
116495 36 38
116522 48 29
116678 47 39
116684 49 41
116822 35 37
116978 45 38
117389 41 39
117458 45 44
117479 41 40
117482 40 39
117530 54 32
117786 19 43
117854 43 48
117950 31 39
118320 32 35
118335 34 39
118484 64 38
118638 39 44
119289 55 39
119328 48 42
120185 41 36
120193 0 83
120214 44 38
120548 41 32
120590 43 50
121204 38 30
121490 47 41
121535 46 51
121565 43 40
121809 36 31
121817 37 36
122008 1 37
122096 52 39
122136 36 33
122138 39 33
122338 37 32
122351 37 30
122928 35 31
124011 56 40
124293 43 46
124419 54 49
124640 36 37
125126 47 40
125847 43 38
126012 53 50
126201 46 47
126662 46 38
126689 48 39
126720 53 39
126767 41 52
126932 52 50
127004 45 49
127217 64 43
127232 74 44
127476 36 34
127485 40 43
127529 47 41
128381 42 41
129088 47 33
129762 41 44
130207 33 46
130727 48 44
131338 57 53
132608 44 51
133121 48 37
133676 42 41
134349 39 44
134765 43 41
135029 40 44
135853 47 29
136206 45 44
136287 48 54
136525 44 44
136963 0 74
136969 0 84
136970 1 81
138122 31 38
138151 50 50
138152 50 51
140995 47 53
141133 52 31
141388 40 42
141898 43 42
144377 34 43
144479 54 47
144820 47 46
145065 45 34
145778 50 46
148229 35 44
151306 49 46
151451 42 46
152079 44 45
152311 47 30
152569 36 26
152801 38 39
153155 30 24
155278 37 37
159669 46 50
160952 41 34
163449 30 35
165467 32 38
170544 50 35
173890 48 36
177776 41 42
179900 37 32
180327 48 44
180412 50 47
183088 39 36
184114 33 32
184953 29 34
185061 61 0
186043 42 36
187694 47 48
188708 35 24
189520 50 40
190353 49 34
191192 54 40
192415 86 0
192536 40 31
193482 79 0
194277 31 41
194407 40 38
194466 44 45
195525 53 50
196147 40 39
196695 37 31
196845 48 25
196849 52 31
196991 52 40
197186 53 69
197459 53 42
198637 47 32
198638 46 33
199043 36 46
199813 47 34
200350 32 47
200465 38 47
203413 43 41
207339 44 49
207362 44 41
210539 46 33
210685 35 58
210770 76 0
212855 47 45
213996 42 38
221190 27 28
223258 38 39
224908 45 32
226560 49 55
228374 48 41
228807 15 16
229358 41 43
231281 27 35
231283 29 36
234144 30 42
234177 26 41
234378 49 40
234472 27 24
234505 40 48
234548 38 38
234694 39 31
234767 28 30
234822 43 51
234824 41 51
234859 39 49
235332 45 44
235352 42 52
235798 53 37
235891 48 39
235940 45 41
236188 54 48
236237 45 29
236611 40 41
236638 33 37
236662 38 41
237080 45 58
237225 44 54
237608 44 45
237728 38 40
237814 42 34
237951 46 31
237982 29 23
238074 50 54
238148 38 37
238192 38 35
238301 46 38
238303 44 36
238370 32 36
238466 49 44
238667 55 42
238727 36 36
238758 52 37
238919 38 35
238970 36 32
239098 33 44
239575 41 42
239804 36 43
239896 39 27
240031 40 27
240159 53 50
240627 52 33
240793 39 55
241160 50 47
241422 34 41
241720 49 30
241757 34 53
241859 38 44
241905 48 39
242101 39 40
242983 43 40
243426 24 29
243795 34 28
243937 40 56
244131 37 32
244156 47 34
244378 35 42
244405 35 38
244615 36 33
244672 30 38
244708 35 29
244993 45 47
245473 51 42
245489 49 40
245635 46 43
245789 41 41
245823 53 43
246098 51 36
246274 24 28
246315 34 37
246480 34 44
246534 52 56
246582 36 43
246698 51 49
246798 51 41
246804 49 37
246852 43 28
246916 38 46
247009 49 31
247140 40 42
247320 46 42
247374 40 41
247377 41 40
247393 48 50
247449 46 39
247740 56 46
247888 47 47
247896 51 48
247920 47 46
247930 43 51
247958 39 41
248269 37 22
248314 45 38
248559 25 28
248615 37 39
248656 38 44
248752 44 51
249052 38 46
249539 37 56
249558 40 41
249601 43 46
249616 36 52
249635 37 53
249640 40 60
249723 52 50
249743 46 56
249899 51 45
250337 47 58
250359 46 55
250412 51 42
250583 54 49
250588 57 49
250697 46 49
250711 44 41
250891 14 21
250979 38 26
251134 26 34
251868 47 45
252448 37 55
252615 43 44
252766 18 19
252808 48 29
252815 53 39
253274 27 29
253770 38 38
253806 48 39
254014 46 46
254321 42 43
254691 44 37
254994 46 40
255134 32 35
255736 55 33
255899 28 26
256166 36 25
256202 49 39
256217 44 45
256226 49 51
256392 41 49
256508 56 34
256525 53 35
256528 46 34
256592 35 29
256650 33 40
256727 37 42
256737 41 45
256826 53 44
257091 45 37
257200 52 63
257316 29 48
257334 42 51
257366 44 49
257504 41 35
257654 33 44
257917 39 17
258268 45 33
258652 43 43
258928 33 52
259051 56 56
259210 49 49
259471 31 45
259762 24 41
259766 27 38
260002 41 51
260116 39 48
260197 56 46
260496 36 30
260852 26 47
261030 47 47
261053 39 32
261101 53 39
262367 40 49
262552 44 37
262607 46 38
262933 32 28
262942 26 29
263103 28 39
263142 35 38
263151 37 36
263230 37 39
263279 45 30
263502 41 37
264597 38 44
264903 29 39
264939 40 30
265134 39 44
265286 47 58
265316 41 37
265971 51 47
266094 31 38
266148 41 34
266577 20 31
266628 26 34
266631 22 36
266739 31 50
266889 39 31
266895 42 35
266899 42 35
266966 63 40
266973 54 40
267357 39 32
267477 45 34
268559 29 29
268599 34 40
268605 33 41
268836 37 32
269037 32 46
269053 41 40
269058 44 38
269215 33 28
269349 35 44
269358 37 43
269565 31 43
270839 43 45
270995 43 47
271759 58 43
271885 40 43
271960 34 43
272263 37 46
272455 53 52
272497 42 46
272572 40 43
272710 42 39
272974 53 46
273019 33 43
273481 50 53
273722 28 48
273894 43 37
274027 42 25
274041 30 17
274160 33 37
274162 37 37
274243 51 53
274580 36 43
275113 54 39
275215 42 39
275287 26 14
275969 30 63
276049 47 51
276224 32 37
276235 28 34
276391 21 38
276631 41 40
276713 37 42
276795 29 35
276838 38 28
276974 42 52
277307 49 36
277526 36 57
277541 36 51
277574 32 40
277604 36 42
277652 57 44
278461 49 36
278475 46 39
278491 45 39
278546 58 34
278633 0 67
278707 0 85
278709 1 84
278715 2 83
278984 1 78
278999 0 72
279188 45 46
279218 41 56
279224 41 53
279239 50 51
279272 36 48
279352 36 43
279488 39 55
279746 39 39
279975 31 51
280198 33 50
280340 32 42
280412 40 41
280717 46 47
281178 44 53
281289 28 58
281400 35 50
281460 39 22
281896 28 40
282094 37 47
282215 44 44
282385 38 41
282399 39 44
282495 27 40
282505 29 35
282741 41 36
282769 38 36
283638 18 19
283645 16 16
283710 20 19
283746 31 44
283794 30 47
284108 53 50
284270 51 50
284594 32 41
284627 36 39
284763 49 44
284777 41 52
284813 41 40
284882 53 40
284978 46 47
285138 47 58
286333 45 42
286348 42 47
286350 39 46
286729 42 38
286816 34 47
286864 34 36
287005 44 50
287010 47 53
287397 50 44
287409 52 36
287935 40 50
288047 53 50
288347 42 29
288473 47 41
288491 44 55
288572 38 41
288614 47 53
288740 44 46
288935 34 37
289396 36 31
289433 33 43
289538 51 49
289582 27 39
289627 49 43
289660 37 54
289669 37 52
289996 31 39
289997 31 38
290016 37 31
290058 32 33
290159 27 31
290328 33 26
290359 36 37
290595 23 50
291216 34 50
291384 84 0
291386 88 0
291459 45 55
291969 39 41
292042 19 35
292251 32 36
292312 44 41
292518 42 44
292529 34 47
292618 41 40
292858 35 51
292952 31 29
293009 28 34
293060 33 37
293333 34 33
293404 48 50
293839 28 34
293882 22 37
294090 45 39
294289 32 25
294637 44 33
294718 33 37
295045 39 61
295063 43 66
295292 40 32
295360 52 48
295384 49 48
296236 35 46
296473 41 41
297011 30 37
297157 37 30
298644 37 32
299124 33 55
299174 37 43
299209 43 32
299315 44 44
299526 48 46
299532 45 49
299734 32 28
300539 31 33
300917 40 47
301123 35 55
301291 36 36
301957 35 36
301966 38 39
302144 29 36
302196 38 56
302282 54 44
302332 44 56
302440 30 49
302671 39 49
302764 41 32
303516 30 45
303601 30 48
303604 30 50
303878 37 38
304243 46 37
304352 40 46
304381 45 47
305200 54 47
305324 57 46
305397 41 54
305614 51 39
305731 45 59
305736 51 55
305771 32 40
306415 47 40
306665 32 48
307503 26 43
307601 36 41
308630 44 46
308703 46 49
308802 39 32
309238 52 47
310006 28 39
310404 31 49
310613 42 38
310770 37 42
310983 31 40
311265 35 63
311616 39 40
311784 34 32
311889 41 28
311937 48 33
312135 43 56
312163 44 47
312168 42 49
312399 57 41
312573 42 35
312732 39 40
312984 42 40
313107 37 46
313320 42 36
313374 53 42
313809 43 35
313812 44 32
313848 38 48
313878 48 50
313965 35 34
315348 38 46
315383 42 39
315459 35 32
315521 33 34
315642 31 45
316223 49 34
316490 45 47
316628 31 37
316991 50 44
317117 31 35
317498 43 43
317534 40 48
317605 56 44
317614 50 36
317989 46 41
318033 36 34
318348 33 44
318570 46 37
318879 38 40
318969 42 63
319560 40 31
319635 47 34
319896 39 46
320465 29 28
320814 41 49
320834 47 59
320904 48 48
321077 44 37
321084 40 38
321294 57 49
321345 29 43
321460 36 41
321603 38 31
321772 43 42
321825 33 32
322042 54 52
322071 36 33
322311 39 47
322903 46 40
323271 48 55
323467 30 44
323570 41 30
323599 44 39
323636 30 45
323645 27 39
323709 44 34
324014 47 45
324173 37 38
324449 39 36
324470 47 51
324662 42 51
325271 34 45
325334 49 34
325403 42 51
326213 44 42
326408 18 19
326975 40 53
326981 37 42
327112 45 34
327373 27 30
327506 29 36
327514 32 40
328168 49 45
328471 50 33
328528 39 34
328635 41 34
328804 40 37
328989 48 41
328990 48 43
330265 34 49
330526 36 44
330832 32 40
331041 55 39
331044 53 37
331075 55 40
331078 52 38
331090 47 38
331273 37 38
331395 41 41
331937 36 46
331984 22 33
332094 28 33
332157 28 29
332566 41 58
334170 37 51
335529 48 39
335835 39 42
336413 34 32
336436 36 43
336921 31 35
336975 38 40
337003 52 36
338262 34 47
338295 44 36
338892 46 40
339111 30 53
339377 47 57
339393 42 58
339496 46 45
339567 38 44
339777 43 46
339830 32 45
341688 37 39
342319 47 54
345678 37 45
347029 20 32
348674 47 47
355836 36 42
356572 43 56
357193 0 80
357438 28 34
357723 26 54
360406 35 39
361284 41 47
361865 36 40
362425 32 31
364406 28 30
364988 45 52
365170 28 38
365389 35 32
367056 38 49
367673 36 49
367859 28 29
368150 47 49
369632 23 31
369646 21 29
370090 37 48
370156 35 35
370176 29 24
370434 33 36
370558 30 37
370785 30 42
371097 43 44
371483 19 43
372955 32 40
373553 26 20
378260 33 40
379693 30 39
380248 34 37
380270 47 45
381157 42 58
381256 37 45
381370 36 40
381823 40 51
381898 30 56
381902 28 54
381911 28 49
382117 33 41
382258 18 40
382340 31 25
382385 19 24
382405 30 32
382560 43 45
382590 52 42
382777 41 44
383137 28 45
384824 38 38
386305 35 32
386390 29 37
386841 33 46
387257 39 49
387634 43 43
388450 30 39
388456 41 37
388762 38 47
388801 50 54
388930 32 38
388945 34 40
389118 32 47
392412 42 47
397180 35 40
397486 35 41
397605 34 38
400451 46 56
401564 36 41
405362 47 48
407847 40 31
408647 46 54
408660 50 51
411161 39 30
413007 37 29
415732 28 33
416876 35 37
416918 36 44
417289 42 44
417956 34 57
418313 44 46
423791 34 34
423854 46 41
425418 45 33
425540 37 32
430049 34 30
431739 43 46
431754 39 46
433955 49 47
438484 40 30
439038 49 49
439662 35 37
442615 36 25
442873 30 43
444126 31 41
444168 38 28
444569 36 37
444593 41 40
444668 33 36
444766 30 27
444770 35 26
444806 28 26
444929 42 35
445043 51 42
445082 45 59
445085 43 58
445132 39 37
445179 37 47
445227 45 34
445298 18 21
445923 44 38
446197 47 50
447548 43 40
448368 37 43
449184 21 16
450044 41 43
450246 36 38
451397 39 23
460011 1336 3219
490736 42 51
490778 38 36
490779 38 34
490822 24 30
490980 48 36
490994 49 33
491106 31 29
491119 32 30
491270 36 39
491271 37 41
491308 45 34
491675 34 40
491686 25 31
491705 26 20
491711 22 19
491811 30 27
491843 36 38
491852 36 40
491878 43 38
491882 42 35
491897 39 24
492576 36 35
493580 58 40
493682 36 46
493694 41 42
493775 43 34
493843 45 41
493919 38 41
494318 21 26
494432 21 40
494492 22 36
494710 41 47
494712 42 44
495003 34 31
495345 32 41
495808 40 43
496219 22 35
496435 49 41
496836 31 31
497836 26 38
497944 43 43
497971 51 35
497973 0 90
497991 1 90
498060 45 48
498295 23 41
498324 44 39
498458 45 44
498922 33 40
499675 51 31
500002 33 39
500140 36 54
500276 29 38
500367 29 39
500417 51 32
500418 50 31
500492 30 30
500588 42 35
500834 40 36
501111 51 33
501204 32 29
501435 46 48
501513 40 44
501528 44 42
501623 50 51
501645 37 48
501702 50 39
501735 33 49
502073 35 33
502282 45 49
502332 40 57
502344 35 56
502354 31 43
502412 46 42
502532 38 45
502605 20 30
502626 36 40
502762 0 76
502763 0 75
502764 0 73
502809 0 70
502836 1 89
502837 0 89
502895 34 36
502958 38 35
503087 51 32
503194 44 36
503205 48 38
503278 37 41
503303 34 38
503513 49 47
503636 41 51
503711 34 38
503786 58 43
504005 45 40
504089 39 51
504212 42 36
504237 34 32
504353 41 46
504508 47 46
504584 31 24
504666 39 35
504702 38 41
505017 38 44
505065 53 40
505090 44 39
505155 39 33
505347 48 32
505761 50 44
505927 34 41
505938 28 38
506248 40 40
506557 38 39
506656 38 57
507076 47 33
507214 44 46
507813 46 32
507918 34 42
507954 35 43
508025 38 31
508029 44 34
508092 57 52
508185 31 37
508275 26 21
508295 18 21
508386 37 46
508473 37 27
508530 40 26
508612 50 32
508650 45 37
508719 26 33
508854 36 43
508893 55 38
508921 47 44
508980 31 51
509280 39 42
509325 42 40
509343 31 35
509439 35 34
509613 41 47
509643 37 45
509787 33 37
509797 29 40
509983 46 37
510269 36 32
510380 38 36
510470 48 44
510487 45 48
510508 48 40
510560 47 34
510902 23 33
511072 44 33
511198 45 53
511341 43 47
511774 40 26
511885 47 29
513002 25 25
513013 31 28
513650 41 54
513652 43 54
513766 35 37
514237 46 33
514238 48 34
514239 45 34
514438 49 41
514582 35 46
514635 50 44
514833 40 30
514846 38 30
514923 35 48
514957 16 23
514966 15 23
514980 18 29
515007 35 37
515082 43 44
515237 31 31
515451 43 47
515517 56 42
515571 35 57
516198 46 39
516237 46 49
516694 28 32
516897 47 50
517095 37 40
517115 46 44
517339 43 44
517580 39 30
517615 48 48
517748 48 45
517821 17 25
518096 32 35
518202 37 43
518291 50 41
518453 38 26
518560 42 31
518618 44 39
519158 21 22
519164 24 18
519350 27 48
519432 52 49
519440 49 45
519647 36 39
519667 39 41
519689 44 39
520062 53 47
520934 39 42
521147 36 44
521278 47 45
521381 45 34
521644 53 46
522609 24 12
522915 34 35
522947 54 43
523175 38 42
524919 32 38
525197 47 33
525386 53 25
525540 46 32
525792 53 32
525801 54 40
526231 42 36
526266 43 30
526398 48 38
526415 31 36
526551 47 45
526686 52 30
526780 52 37
526818 48 43
526821 49 42
526848 42 49
526923 47 31
527013 43 37
527112 50 41
527583 40 39
527716 36 36
527874 43 26
528192 55 44
528744 45 38
528750 80 0
528801 39 49
529056 42 37
529569 49 45
529575 49 42
529587 52 35
529716 43 39
530016 35 28
530175 34 45
530262 58 47
530351 41 37
530378 48 43
530559 38 24
530693 22 21
530731 18 19
530781 24 22
531362 40 36
531752 37 33
531797 49 28
531848 54 41
532085 35 39
532147 43 27
532256 42 36
532382 42 36
532541 47 36
532556 55 41
532724 58 27
532748 59 30
532790 46 37
532862 32 44
532985 40 45
533082 55 30
533802 55 36
536834 37 34
537572 29 24
543142 42 44
543241 43 36
543481 48 29
543737 34 18
545568 49 39
545674 45 26
546356 58 29
548126 44 29
548328 41 27
548453 40 33
548552 38 34
549298 45 42
550374 44 16
552833 61 42
552875 42 38
553064 42 35
553071 44 37
553130 59 34
553148 56 28
553634 41 30
554134 36 27
554205 42 46
554262 55 35
554451 54 33
554491 48 36
554695 51 26
554932 49 29
554938 53 31
555433 56 36
555994 64 40
556057 64 29
556428 42 18
556750 35 36
556880 38 28
556962 54 29
557015 46 37
557325 43 43
557421 44 35
557853 62 39
557862 60 37
557980 65 36
558666 45 29
558946 66 41
559253 45 39
559512 27 22
559542 44 21
559668 60 42
559836 60 34
559899 58 34
560025 51 48
560520 47 34
561786 49 24
561976 58 32
562047 49 35
562071 43 34
562306 43 38
563187 57 41
563208 37 29
563209 36 28
563583 34 28
567958 40 24
568115 59 32
568226 44 44
568450 62 22
568547 52 31
568918 53 32
569540 51 44
570033 57 38
570429 51 40
570677 40 25
570787 47 33
570844 51 36
570915 60 40
571413 57 29
571752 43 25
571773 40 26
571810 40 28
571827 43 25
572012 37 19
572165 61 29
572187 37 25
572295 35 37
572947 48 13
574951 48 35
575258 64 32
575474 45 26
575798 59 29
576168 55 28
578338 55 21
582504 46 28
583134 46 33
583479 61 24
583526 60 27
585710 36 22
586256 45 24
586322 43 23
587582 25 20
587885 60 16
591466 50 21
591553 43 33
591569 50 23
591956 49 18
591979 51 23
592354 63 35
592680 52 35
599144 52 18
599196 42 16
599207 46 13
599483 41 23
599987 44 20
601490 56 24
603025 66 24
604414 56 28
604896 48 18
605257 51 11
605538 58 27
607076 61 17
607091 48 20
607172 41 12
607201 36 9
607345 63 24
607532 63 28
607615 29 6
607638 20 7
607681 69 33
607708 62 33
607723 52 26
607738 54 23
607780 57 20
607791 60 13
607792 59 12
607815 62 10
607923 36 22
607924 37 21
607999 65 19
608023 72 23
608103 47 16
608137 71 23
608155 62 25
608156 65 25
608473 49 13
608667 52 21
608674 44 19
608686 51 20
608710 62 19
608725 53 22
608749 44 15
609040 66 27
609088 66 26
609127 47 15
609214 72 19
609309 62 21
609381 56 23
609489 65 22
609556 62 20
609573 53 21
609590 64 23
609628 53 24
609689 65 19
609792 72 17
611180 57 26
611770 57 18
611780 70 17
611974 56 21
611995 53 22
612203 40 7
612239 48 10
612359 65 19
612480 73 15
612517 56 24
612785 79 23
613114 74 20
613219 68 16
613369 68 19
613381 76 12
613465 52 16
613480 54 13
613483 51 11
613528 23 5
614131 36 13
614137 33 18
614179 45 11
614287 29 10
614305 25 6
614370 80 15
614412 65 16
614424 66 15
614457 43 9
614709 68 8
614741 65 18
614752 63 17
616057 77 15
616888 58 13
617209 75 22
617373 69 11
617707 69 15
617866 64 8
618109 64 18
618280 62 16
619024 64 20
619342 67 11
619477 84 11
619651 78 14
619732 63 12
619753 70 7
619972 67 8
620542 42 16
621040 83 14
621337 75 8
621514 52 12
621547 73 11
621604 80 16
621673 75 12
621898 62 11
622069 64 13
622345 50 15
622970 59 8
623000 63 3
623060 47 9
623495 52 9
623831 81 14
624956 68 11
625038 48 7
626423 21 4
627008 75 23
627202 70 15
627275 60 8
627362 70 12
627371 72 10
627544 66 12
628216 61 5
628275 62 11
628362 68 9
628366 76 10
628425 56 17
628811 0 82
629442 55 9
629691 53 8
629915 91 12
629975 62 11
630049 75 7
630315 60 9
630551 78 6
630569 64 7
630871 79 9
630918 77 12
630959 80 20
631178 65 12
632012 84 15
632063 63 9
632068 63 11
632079 71 11
632382 66 15
632672 77 5
632838 51 11
632911 69 7
632987 75 7
633128 42 6
633131 47 7
633150 72 14
633164 70 13
633200 84 10
633303 71 7
633317 68 11
633348 72 17
633356 70 17
633478 71 10
633783 65 10
634220 78 10
634489 66 15
634507 88 14
634591 63 17
634861 62 12
635026 64 7
635188 86 10
635221 62 9
635383 75 13
635392 72 9
635618 73 9
635887 58 13
636133 32 3
636166 39 6
636270 62 7
636685 71 10
636691 64 11
637194 74 11
637237 94 16
637468 87 15
638088 87 11
638412 78 11
640446 66 15
640497 58 9
641407 65 7
641416 56 7
642133 71 12
642189 44 8
642816 73 7
643161 73 14
643839 80 8
643915 72 10
644076 73 10
644082 78 9
644136 99 14
644552 74 8
645079 60 14
645339 85 10
645453 79 11
645540 76 9
646706 60 10
646849 78 9
646862 80 8
647018 97 18
647096 70 13
647372 73 1
647513 68 9
647723 73 7
647753 67 6
647779 65 8
647789 76 9
647855 102 6
647937 71 10
648650 88 11
648878 80 11
648954 61 12
649037 58 9
649259 63 3
649838 87 9
650213 64 4
650261 69 8
650768 74 8
656892 54 11
657023 80 9
657028 80 7
657042 73 3
657050 65 6
657235 27 2
657493 32 3
657537 48 11
657603 32 8
657632 41 8
658055 63 14
658600 57 9
659351 78 6
659770 82 6
659917 56 11
659920 63 11
660047 74 8
660372 59 12
660473 62 9
660623 45 9
660917 93 12
661445 82 11
661751 65 8
661865 68 10
661928 81 13
662008 75 3
662312 81 12
662354 91 9
662495 81 6
662516 88 5
662628 80 9
662711 88 13
662979 52 11
663018 63 9
663333 68 9
663369 72 5
663840 71 11
663891 89 7
664140 93 12
664158 97 7
664659 92 13
665237 73 9
665344 72 13
665346 74 11
665367 81 10
665414 79 11
665752 67 11
666391 74 11
666396 71 10
666936 80 13
667632 85 10
667774 66 8
667878 92 2
668208 70 9
668242 62 12
668245 72 10
668551 43 9
668900 62 10
669014 51 5
669044 73 8
669054 75 7
669186 43 4
669187 42 3
669188 43 3
669237 52 8
669291 77 16
669294 87 13
669309 77 11
669898 83 8
669921 76 9
669991 48 10
669995 48 9
670010 48 11
670062 73 10
670461 65 9
670865 57 12
670934 60 9
671000 72 9
671033 65 6
671168 61 7
671258 49 5
671311 56 18
671324 59 14
671464 86 12
671466 84 10
671556 65 13
671564 76 11
671670 83 10
671704 63 15
671822 85 10
671957 73 12
672243 92 14
672266 93 15
672294 83 22
672318 83 16
672356 78 6
672395 60 9
672506 74 11
672557 81 12
672638 72 8
672684 77 8
672779 52 11
673081 62 15
673091 71 10
673112 59 10
673275 93 8
673534 70 11
673540 64 12
673887 48 11
674153 70 17
674200 74 6
674616 67 11
674648 74 12
674712 75 15
674764 60 5
674782 65 8
674878 76 15
674976 70 16
675043 58 11
675395 60 11
675408 61 11
675925 75 7
675926 74 7
675962 64 2
676077 52 14
676610 59 12
676613 56 12
676886 72 14
676926 59 12
676938 58 15
677006 89 11
677133 93 11
677165 72 12
677324 70 7
677676 82 12
677700 66 5
677901 80 9
677907 88 9
677958 80 8
677992 82 7
678097 56 4
678195 54 12
678278 64 14
678532 68 12
678620 77 12
678646 75 19
678752 62 9
678794 55 7
678818 55 8
679181 50 12
679404 75 13
679497 82 12
679601 74 15
679808 82 18
680006 52 11
680160 73 10
680347 59 12
680365 51 17
680500 80 13
680927 66 9
681098 58 4
681564 82 8
681615 71 16
681852 61 15
682249 71 16
682831 80 21
682840 89 21
682875 67 14
683406 71 9
683463 70 18
683589 51 12
683799 71 16
683859 69 10
684069 69 11
684168 75 14
684642 65 12
684651 75 8
684654 76 8
684786 59 8
685229 58 15
685722 82 10
685854 78 13
685893 53 10
686001 59 11
686214 90 16
686637 69 16
686724 50 13
686786 62 15
686790 65 14
687647 51 7
687663 65 11
687736 65 17
687770 57 13
687808 32 7
688078 28 4
688147 69 10
688228 39 13
688238 33 13
688247 28 11
688264 28 11
688266 30 12
688327 44 14
688348 48 10
688418 40 11
688425 47 9
688605 43 13
688607 39 15
688734 46 4
688773 62 14
688790 72 14
688903 70 12
689123 43 10
689148 50 3
689217 70 13
689501 0 81
689503 65 17
689511 63 20
689528 64 18
689588 66 13
689627 55 15
689720 80 16
689794 71 6
689917 51 11
689956 66 12
690163 80 14
690250 64 17
690275 54 10
690281 53 10
690476 67 10
690480 65 11
690498 67 14
690767 81 10
691333 65 16
691606 79 19
691648 56 10
691717 68 12
691843 70 17
691867 71 15
692161 75 17
692182 80 13
692875 67 8
693268 47 15
693580 70 10
693616 76 13
693688 74 11
693757 64 14
693787 63 11
693905 68 13
694171 67 10
694212 68 15
694319 59 13
694378 56 8
694827 64 16
694842 78 8
694916 63 15
694940 67 20
694952 60 15
694983 22 11
695014 6 6
696351 66 9
696796 71 9
696863 52 17
696991 50 12
697199 71 13
697262 71 11
697760 54 10
698945 68 16
699068 64 21
699182 62 18
699567 59 7
699871 43 13
700112 72 14
700525 80 9
700891 63 14
701266 51 6
701541 75 12
701666 89 16
701794 58 18
702076 85 17
702205 49 21
702364 68 19
702385 68 26
702586 59 16
702678 59 12
702789 78 12
702991 71 21
703357 72 15
703408 96 16
703573 85 15
703612 76 17
703660 42 14
703816 63 14
703972 55 11
704387 75 25
704794 61 10
704830 68 19
704993 84 16
705030 50 19
705094 60 13
705097 62 10
705119 61 10
705129 53 8
705192 48 23
705210 48 24
705222 60 18
705603 68 15
705705 87 20
705728 80 13
705750 73 19
706113 64 15
706445 84 17
706748 80 17
706757 73 14
706781 68 7
706790 70 5
706808 81 12
706907 56 15
706967 46 12
706979 53 17
707021 62 17
707099 63 15
707239 62 19
707303 71 20
707306 69 19
707319 68 15
707645 86 10
707758 71 18
707759 72 18
707773 80 14
707951 60 15
708039 86 19
708186 54 13
708262 54 12
708384 39 9
708426 49 12
708568 74 14
708596 67 11
708797 73 17
708815 65 17
708838 72 18
708841 71 19
708956 87 16
709060 85 22
709064 86 23
709103 71 18
709176 49 15
709385 76 10
709880 62 8
709889 65 12
710057 80 17
710069 80 17
710091 67 7
710117 44 8
710158 43 2
710162 45 1
710168 43 3
710216 65 6
710284 62 8
710359 50 8
710494 68 16
710636 67 13
710705 52 12
710710 58 10
710872 57 22
711046 52 13
711059 59 13
711068 62 10
711313 60 17
711338 64 18
711355 71 15
711433 66 13
711838 64 14
712041 55 11
712135 71 13
712303 81 20
712325 60 12
712943 53 11
712959 40 10
713060 38 19
713069 41 18
713181 61 18
713421 66 18
713480 53 16
713508 48 9
713514 52 8
713517 55 12
713544 68 23
713645 79 13
713694 95 12
713844 59 18
714003 65 18
714021 65 16
714063 61 17
714135 89 21
714159 76 23
714186 86 18
714201 60 18
714303 62 20
714321 58 17
714327 65 15
714408 55 15
714440 68 21
714547 58 17
714588 52 13
714642 47 16
714967 55 18
715069 55 18
715074 55 15
715236 74 13
715596 51 7
715623 51 10
715773 66 13
715868 63 16
715887 67 18
715890 66 17
715956 72 29
715983 64 32
716178 84 17
716370 66 10
716400 81 17
716595 64 22
716778 56 15
716853 58 17
717137 24 5
717182 55 10
717476 52 15
717530 71 18
717713 53 13
717898 72 23
717950 71 13
717953 69 15
718155 36 20
718171 49 12
718212 23 7
718267 27 5
718279 30 6
718480 51 14
718516 67 19
718522 76 18
718594 64 17
718822 48 9
718897 51 17
719037 60 20
719107 50 16
719401 69 21
719437 68 22
719510 57 22
719619 56 13
719859 67 26
719911 74 19
720527 43 12
720540 50 14
720587 36 12
721258 51 17
721789 43 20
721984 70 12
721985 73 11
722024 62 15
722080 56 19
722345 77 12
722381 52 21
722448 69 20
722594 66 16
722618 63 9
722658 68 16
722746 68 19
723253 60 16
723284 57 21
723291 64 18
723320 59 14
723330 50 18
723331 51 18
723343 47 15
723356 59 20
723464 57 15
723592 70 22
723740 79 16
723999 45 8
724119 77 24
724535 66 13
724902 61 17
725539 61 21
725543 60 22
725579 66 25
725585 72 22
725937 65 0
726026 59 22
726162 59 19
726450 71 27
726581 65 13
726849 87 20
727095 65 16
727107 64 14
727329 69 26
727455 69 20
727540 73 20
727902 77 29
728028 52 13
728083 49 8
728084 50 8
728636 79 21
728728 57 15
729243 62 7
729939 51 21
729963 66 22
730686 67 19
730720 71 17
730779 62 13
731013 71 24
732436 54 16
732855 57 23
733838 65 26
734158 53 25
734457 54 27
736155 61 23
736353 70 26
736587 68 25
736740 55 19
736758 53 20
737370 63 19
737571 40 11
737777 64 18
737805 54 18
738098 51 19
738126 61 10
738354 60 18
738993 62 24
739052 62 26
739068 60 21
739185 70 23
739412 63 21
739625 70 20
739959 78 24
740406 63 27
740814 61 14
741117 61 16
741198 61 14
741423 63 23
741984 49 20
742074 73 22
742089 65 27
742175 54 18
742200 68 18
742203 68 19
742353 55 22
742788 69 18
742980 87 21
743014 65 32
743136 52 19
743184 72 21
743190 69 17
743205 77 18
743764 54 15
743918 56 17
744125 49 12
744208 42 15
744417 78 20
744447 69 18
744567 62 20
744886 39 3
744924 42 17
745461 62 25
745465 55 24
745553 69 19
745661 75 17
745672 76 18
745707 64 17
746037 45 16
747359 66 22
747375 67 15
747530 44 27
747878 60 13
747901 57 20
747930 60 26
748237 80 17
748300 66 18
748363 59 29
748417 59 25
748498 50 11
748573 71 19
748732 67 28
748736 64 27
749137 57 24
749274 51 28
749303 60 25
749547 53 23
749674 61 14
749794 75 30
749935 57 24
750223 70 0
750325 65 20
750338 71 21
750486 70 20
750622 67 20
750670 61 13
750836 65 21
750943 57 19
750945 55 18
750989 49 15
751143 54 22
751399 65 14
751825 63 23
751828 64 24
751891 59 22
752104 58 21
752119 55 18
752259 44 24
752260 47 24
752594 61 21
753080 48 18
753526 57 19
753572 58 19
754315 62 22
754318 61 21
754378 51 18
754390 53 18
754652 53 24
754860 68 5
754946 58 16
754979 68 20
755192 61 27
755554 62 25
755891 79 29
755942 53 13
755969 61 25
756138 40 27
756159 36 19
756806 62 18
757021 35 14
757069 57 21
757091 48 21
757132 57 30
757764 61 23
757818 88 27
758083 50 22
758100 54 26
758247 52 31
758415 66 18
758418 68 16
758452 66 17
758456 66 15
758493 59 15
758525 59 32
758596 62 12
758854 65 20
758960 51 22
759016 41 15
759163 41 30
759217 58 16
759269 59 13
759843 60 24
759861 73 16
759873 69 18
759888 79 20
759986 72 19
760015 0 91
760026 72 13
760164 49 29
760200 59 24
760344 22 12
760391 46 20
760397 45 22
760503 59 24
760640 50 21
760653 61 18
760720 54 20
761013 53 19
761051 61 28
761144 64 24
761209 56 27
761213 57 29
761322 53 20
761334 63 18
761395 49 17
761425 52 15
761501 71 24
761601 69 23
761921 45 25
762048 62 27
762110 50 21
762179 77 30
762219 41 32
762442 38 18
762491 56 19
762816 53 26
762845 96 0
762937 58 16
763150 66 19
763198 61 24
763213 57 32
763324 54 18
763411 57 25
763501 57 12
763665 50 18
763741 51 12
764239 73 28
764338 59 14
764388 62 31
764397 58 27
764453 61 22
764480 59 20
764613 58 11
764622 55 9
764780 68 23
764795 64 27
765046 72 21
765565 54 24
765604 67 25
765880 71 24
765919 68 25
765920 65 27
765943 65 28
765970 57 27
765988 59 18
766005 70 18
766038 64 32
766224 58 15
766488 35 15
766774 55 33
767025 110 0
767026 108 0
767242 60 24
767243 60 21
767251 64 18
767368 65 29
767419 53 19
768099 49 17
768576 46 28
768622 50 18
768835 72 19
769192 19 5
769225 43 10
769311 42 17
769887 58 15
770181 65 24
770322 45 15
770363 56 17
770487 72 24
770629 85 32
770841 62 28
770845 62 28
770889 72 27
771717 54 23
772089 60 23
773246 49 19
774095 50 19
774719 47 23
774797 51 21
774848 56 29
775103 57 24
775523 44 10
775536 52 18
777176 51 28
777783 59 24
777813 59 26
777867 43 25
778283 61 37
779221 60 31
779606 53 35
780113 71 37
780549 56 20
780727 58 30
780840 33 7
780980 48 22
782001 53 31
782079 59 28
782203 70 28
782838 47 25
782904 51 35
783054 54 22
783529 38 12
784217 57 23
784819 43 11
785226 61 36
785339 57 25
785349 59 21
786200 48 22
786232 53 21
786287 46 24
786332 48 29
786374 45 23
786551 50 32
786561 40 31
786825 59 28
786990 63 27
787038 47 20
787059 45 13
787305 51 21
787306 53 19
787381 66 22
787509 67 36
787755 56 20
788349 69 32
788474 41 36
788535 54 24
788547 53 26
788600 46 28
788614 61 30
788625 59 29
788637 62 27
788662 59 21
788681 48 23
788814 63 31
788873 57 26
788972 56 22
788986 58 26
789046 48 33
789614 58 26
790026 61 30
790300 72 29
790396 45 30
790483 46 14
790499 52 26
790746 54 26
791004 53 37
791116 57 37
791307 59 19
791349 47 29
791496 34 32
792122 40 24
792202 34 28
792264 40 22
792276 50 22
792416 72 20
792537 58 34
792555 60 42
792570 54 35
792639 54 31
792640 53 34
792643 59 34
792690 47 29
792701 50 31
792736 51 23
792746 41 26
792820 39 21
792825 41 22
792874 50 23
792895 55 20
792971 38 24
793008 51 25
793292 55 23
793334 64 19
793352 44 25
793420 40 25
793517 52 41
793518 52 40
793538 55 35
793554 53 36
793557 54 31
793650 55 29
793680 40 30
793688 35 35
793694 28 29
793795 49 18
793902 43 35
794237 44 28
794426 45 36
794439 42 33
794632 43 27
794637 46 24
795035 47 25
795311 48 25
795547 44 15
795918 43 31
795939 41 26
795998 50 19
796024 54 23
796041 53 23
796073 32 17
796092 36 21
796131 54 36
796412 53 20
796438 38 21
796573 63 26
796620 50 28
796702 53 26
796777 43 23
796781 37 26
796813 44 25
797022 26 16
797626 63 33
797756 55 33
797944 52 29
797989 52 36
797995 55 42
798013 52 34
798049 62 28
798120 50 42
798280 67 34
798475 49 35
798537 59 45
798682 67 39
798841 49 39
799084 65 40
799106 57 43
799109 61 40
799246 63 35
799387 56 28
799489 53 19
799627 27 26
799692 45 25
799946 56 24
800194 53 38
800239 56 31
800494 50 28
800644 56 40
800671 66 27
800854 63 35
801095 32 32
801106 35 25
801183 51 33
801256 54 29
801530 56 25
801971 64 18
802065 65 23
802286 50 35
802667 48 35
802766 39 23
803012 45 32
803021 52 44
803025 56 45
803069 50 28
803174 56 46
803214 45 22
803429 40 20
803491 46 27
803545 51 24
803735 65 32
803753 60 22
803772 53 28
803774 48 29
803832 41 38
803864 42 33
804053 38 27
804203 50 20
804367 46 21
804611 50 28
804682 33 26
804893 39 40
804977 63 28
805189 39 39
805436 59 27
805451 51 29
805553 45 22
805709 47 32
805895 50 32
805969 66 32
806178 61 31
806727 52 25
806742 50 28
807003 36 25
807073 52 23
807119 59 32
807137 50 28
807150 42 27
807177 39 27
807182 44 30
807249 65 36
807280 67 37
807360 44 20
807454 36 31
807495 46 27
807507 40 23
807560 62 25
807602 63 35
807707 54 23
807736 65 23
807750 47 21
807794 48 24
807812 45 26
807828 43 33
807869 50 31
808045 46 28
808082 49 33
808097 42 32
808188 80 34
808208 81 32
808278 57 28
808433 52 37
808451 42 38
808467 42 32
808556 48 26
808606 49 41
808622 55 37
808678 64 40
808707 58 36
808733 49 29
808840 45 39
808891 56 39
808949 64 32
809004 55 27
809042 54 36
809079 54 28
809081 54 25
809129 46 35
809131 45 35
809136 43 34
809332 50 18
809342 50 22
809433 56 29
809475 55 34
809476 56 33
809768 52 30
809988 60 41
810046 62 36
810051 59 30
810175 46 35
810265 39 35
810332 52 24
810422 74 34
810442 69 31
810673 68 28
810701 48 27
810736 60 30
810793 49 30
810820 52 26
810829 45 27
811063 71 32
811112 43 33
811300 54 34
811333 51 27
811384 49 36
811432 63 42
811470 73 41
811471 74 41
811501 58 35
811639 61 28
811648 51 28
811660 49 28
811669 44 28
811672 45 28
811756 54 33
811796 45 29
811801 51 30
811885 56 33
811913 50 27
812218 47 27
812854 48 34
812989 62 28
813235 40 33
813349 63 30
813652 62 35
813775 48 19
813811 26 18
814016 61 33
814255 53 32
814336 49 37
814363 45 27
814366 45 27
814585 48 31
814657 67 37
815092 59 41
815107 53 36
815116 60 27
815221 50 40
815323 62 31
815356 54 33
815364 66 38
815525 49 30
815553 51 29
815762 40 27
815768 38 23
815783 39 15
815939 41 29
815986 40 33
815994 46 40
816027 68 30
816048 68 27
816057 61 28
816067 61 25
816161 52 27
816235 61 36
816278 51 28
816284 53 27
816322 42 33
816398 55 32
816419 46 33
816602 35 35
816647 63 40
816719 61 28
816917 59 33
816965 49 27
816977 37 29
817043 54 32
817115 59 36
817182 65 30
817185 67 30
817278 64 28
817344 54 21
817375 67 38
817462 43 25
817524 45 30
817586 49 29
817683 63 34
817709 49 32
817754 27 19
817813 31 38
817906 42 25
817972 35 19
817997 27 18
818003 28 16
818017 21 17
818018 23 17
818040 31 20
818045 32 19
818533 45 28
818541 49 33
818561 39 27
818575 37 16
818581 32 19
818587 31 18
818696 43 24
818716 29 25
818995 33 27
818996 33 26
819078 49 27
819098 54 32
819281 54 24
819554 42 31
819578 44 25
819610 38 31
819642 56 34
819680 48 24
819712 44 31
819719 42 34
819741 44 38
820285 49 31
820296 43 26
820504 30 33
820614 52 27
820635 39 20
820803 60 34
820872 50 21
820889 46 16
821079 54 40
821127 51 39
821268 41 26
821271 41 25
821361 40 23
821460 54 39
821517 51 37
821541 47 30
821844 65 34
821895 53 26
822212 49 27
822303 47 30
822378 50 23
822429 50 34
822538 50 28
822607 35 29
822647 44 17
822749 40 23
822767 54 31
822797 47 36
822846 52 34
822852 50 34
822902 47 25
823020 59 31
823027 58 34
823119 29 16
823215 53 26
823242 44 36
823318 49 25
823323 42 24
823336 38 28
823765 55 33
823908 44 23
824006 51 30
824189 51 26
824210 57 26
824231 59 24
824359 44 37
824404 52 31
824597 61 32
824975 55 43
825427 45 42
825455 46 37
825659 46 31
825692 59 42
826151 56 37
826452 40 25
826672 38 18
827779 50 33
827899 38 40
828216 62 32
828242 53 32
828576 54 23
828620 22 13
828752 62 40
828901 100 0
829033 35 36
829267 54 37
829484 39 22
829511 56 30
829634 58 38
829691 51 41
829706 52 30
829805 61 28
829808 56 29
829915 55 32
830369 51 33
830376 46 29
830505 48 34
830506 48 34
830518 56 28
830530 62 27
830673 41 26
830676 41 29
830687 55 32
830719 68 39
830729 71 34
830789 48 35
830819 49 33
830943 50 22
830952 43 26
830979 30 26
831239 55 34
831425 59 32
831668 37 22
831731 40 29
831791 40 22
831803 34 23
832052 41 33
832182 58 34
832279 52 25
832832 59 29
833258 68 38
833324 54 40
833444 52 22
833498 42 32
833645 44 32
833772 49 29
833857 45 30
833863 48 34
833888 52 27
833928 56 33
833981 41 25
834029 51 29
834051 60 24
834073 54 18
834106 57 23
834109 58 23
834215 34 25
834279 48 23
834284 51 27
834385 49 27
834414 55 39
834550 50 50
834724 51 35
835057 44 35
835108 57 29
835255 50 36
835275 52 26
835391 47 27
835398 52 31
835410 56 41
835459 48 38
835493 62 30
835687 59 45
835690 54 42
835789 40 38
835798 46 35
836318 28 32
836319 32 32
837116 64 45
837458 58 23
837469 53 27
837480 44 24
837593 46 35
837917 39 31
839566 52 28
839571 45 28
839652 51 43
839720 60 30
839781 45 24
840215 55 34
840285 51 22
840312 40 27
840575 46 34
840603 52 35
840680 50 31
840837 58 23
841071 34 27
841352 46 24
841665 39 30
842366 43 38
842399 28 22
842768 47 39
842953 59 42
843390 50 33
843398 53 32
843683 45 36
844036 56 30
844189 31 20
844291 52 25
844423 47 41
844639 46 33
845434 53 38
846069 26 13
846077 20 18
846310 51 35
846352 60 25
846634 53 31
846810 43 27
847186 27 31
847701 65 31
847955 30 21
847970 37 25
848106 48 28
848193 50 25
848441 54 36
848717 56 41
848840 55 31
848906 65 34
849015 47 23
849158 42 34
849242 33 30
849443 71 39
849489 48 29
849513 50 31
849603 40 23
849608 37 21
850040 55 28
850145 45 31
850370 47 31
850556 48 27
850895 47 37
850955 46 25
851087 55 29
851168 56 41
851229 51 32
851510 44 33
851585 50 34
851758 49 41
851967 51 41
852005 40 25
852272 48 27
852841 53 34
853101 49 37
853995 51 29
854276 52 43
854471 53 29
854759 40 32
854831 57 29
855016 47 34
855073 49 37
855142 44 31
855152 44 38
855356 59 37
855389 45 40
855419 39 44
855462 40 37
855540 36 28
855575 48 36
855693 43 41
855716 31 30
855770 39 32
855911 56 43
855988 54 26
856040 50 34
856397 45 38
856998 61 36
857017 47 29
857424 66 30
857475 49 30
857628 50 37
857743 35 24
857847 48 22
858371 43 21
858603 54 36
858633 60 41
858800 64 31
858992 53 28
859241 57 39
859349 45 36
859353 53 36
859417 45 27
859628 62 31
860029 39 30
860036 43 26
860131 41 35
860209 40 29
860957 45 39
861300 38 30
861673 31 25
861839 54 31
862013 55 26
862235 52 25
862410 33 34
862517 40 42
862718 64 41
863686 47 24
863918 52 44
864157 53 31
864289 54 36
864556 66 40
864604 59 38
864721 38 29
864766 40 18
864997 62 42
865084 49 37
865453 40 27
865555 61 40
865734 56 32
865825 45 31
865846 38 39
866080 54 42
866116 53 43
866254 33 23
866284 48 31
866557 54 28
866959 37 26
867116 32 16
867395 51 41
868517 29 27
868616 42 21
868665 58 31
868735 33 32
869188 48 36
869306 71 31
869347 54 38
869368 47 41
870165 52 35
870211 42 21
870631 52 33
870643 53 38
870991 47 34
871061 61 46
871150 43 42
871482 65 42
871502 67 49
871644 66 33
871823 42 27
871996 60 30
871997 60 30
872035 51 32
872178 55 30
872399 52 32
872447 62 48
872450 62 42
872705 54 31
873153 46 35
873298 51 40
873723 36 32
873748 55 33
873870 61 41
874245 47 29
874257 50 37
874341 64 33
874371 75 35
874377 74 33
874395 52 28
874425 62 41
874431 66 41
874452 54 33
874713 45 34
874810 53 29
875064 49 36
875361 56 34
875553 33 11
875600 47 14
876118 65 34
876712 46 37
877591 43 21
877604 41 28
877605 42 28
877623 39 35
877645 49 31
877734 59 37
877737 61 33
877942 37 41
877965 43 35
878007 37 43
878237 72 41
878841 57 46
878874 51 25
879384 54 48
879755 39 42
879952 53 28
880034 63 27
880250 52 43
880275 57 44
880318 43 29
880936 45 26
881540 50 39
881579 42 23
881640 20 19
881641 20 19
881644 17 19
881788 43 18
881896 31 30
882084 46 35
882429 50 26
882522 48 40
882900 51 52
882975 59 39
883248 46 34
883428 45 31
883498 59 31
884517 52 41
884620 50 37
884655 55 30
884837 53 41
884975 51 34
885145 35 34
885189 39 36
885215 30 35
885247 47 30
885267 56 38
885302 54 25
885400 56 44
885457 52 35
885489 39 25
885523 37 33
885535 41 31
885676 43 47
885744 45 39
885952 53 31
886356 41 34
886588 57 43
886648 64 28
886771 53 43
886837 62 36
886843 62 34
886880 54 38
886901 59 35
887066 57 36
887299 52 39
887305 50 33
887671 44 35
888136 59 37
888181 33 27
888201 39 28
888259 54 32
888361 62 39
888652 17 17
888675 32 27
888874 43 34
889105 45 35
889288 59 42
889360 53 43
889387 50 48
889414 51 34
889426 50 36
889749 38 29
890157 58 26
890223 42 35
890350 51 35
890547 40 22
890590 37 28
891002 59 32
891196 60 26
891298 46 23
891319 53 31
891322 52 30
891451 46 30
891874 57 33
891880 55 35
892171 75 48
892382 50 29
892435 45 30
892505 52 21
892507 57 24
893139 58 28
893371 55 38
893381 59 36
893395 69 37
893417 76 44
893439 63 38
893452 57 36
893463 50 34
893650 47 30
893935 62 54
894076 47 24
894103 59 43
894451 52 31
894612 34 24
894679 54 29
894790 69 34
894952 55 37
895060 56 44
895450 39 27
896143 55 38
896196 50 17
896922 38 45
897688 42 41
898043 41 37
898118 40 32
898208 46 43
898211 51 46
898519 63 45
899064 37 39
899118 49 39
899302 41 26
899461 40 35
899579 50 34
899678 49 33
899793 42 27
899834 52 35
899897 60 36
899954 61 34
899978 54 32
900279 54 42
900300 44 36
900811 49 31
900884 56 40
901178 54 35
901472 53 34
901808 50 37
901825 53 35
902329 45 37
902590 45 45
902615 42 43
902760 41 31
902947 46 32
903126 56 42
903719 41 35
903721 43 37
903956 63 41
904001 61 21
904238 46 34
904436 31 23
904579 38 21
904695 39 25
904914 43 31
905507 53 32
905605 56 27
905671 60 31
905690 52 34
905770 54 34
905886 42 42
906335 68 29
906430 42 22
907051 34 35
907075 39 33
907909 58 30
908026 46 28
908777 58 25
908929 40 27
909230 49 29
909327 50 40
909985 46 34
910019 31 26
910291 40 27
910430 44 44
910516 48 31
910660 54 37
910889 59 33
911257 43 31
911386 30 24
911500 52 40
911509 51 37
912350 45 42
912363 40 31
912463 35 16
912537 45 30
912717 79 45
912981 56 38
912999 59 32
913065 55 27
913218 50 30
913341 59 35
913430 58 30
913683 49 44
913702 53 34
913800 43 27
913905 48 29
913947 41 30
914085 30 31
914384 42 40
914427 49 38
914958 39 23
914979 31 28
915109 38 24
915460 47 46
916325 44 40
916337 50 42
917165 57 34
917304 42 27
917405 41 24
917417 43 25
917648 44 36
917690 51 37
917723 50 35
918047 45 42
918215 51 34
918510 58 38
918569 61 39
918823 63 36
919080 38 32
919180 54 29
919220 28 14
919260 34 21
919423 37 24
919643 51 34
919647 51 33
919733 46 40
920188 50 30
920405 64 36
920444 51 42
920483 67 54
920501 64 52
920528 45 49
920773 39 35
920945 62 40
921052 47 36
921080 58 32
921315 62 41
921403 56 38
921419 61 38
921442 62 41
922091 45 36
922241 47 44
922516 43 32
922594 49 37
922881 60 40
923233 48 42
923247 55 35
923569 37 31
923658 40 43
923884 61 43
924127 43 35
924244 48 36
924334 56 33
924463 51 37
924491 36 37
924555 41 29
924906 41 30
925034 65 43
925354 42 29
925461 43 33
925663 41 33
925786 46 15
925838 53 31
925969 50 39
926439 40 23
926621 59 42
926812 43 22
926834 35 12
927422 39 54
927452 49 36
927497 57 42
927636 38 27
927912 62 28
928156 48 19
928302 32 14
928328 32 15
928624 49 25
930726 56 36
932582 59 30
933518 44 33
934431 59 32
934835 53 52
935514 37 27
936127 1 100
936340 51 36
937852 39 44
938131 52 46
939250 37 36
940190 0 100
940923 62 39
947534 64 32
948609 38 33
949485 47 39
950713 40 30
950784 51 42
950789 46 37
951028 42 38
951084 53 34
951520 47 47
951536 43 56
951625 56 33
952183 59 45
952258 61 43
952342 45 33
952465 42 45
952971 44 39
952990 54 47
953055 46 33
953262 23 12
953326 54 21
953601 42 36
953880 42 34
954045 45 32
954163 40 39
954224 42 39
954455 37 34
954605 50 38
954654 40 37
954823 45 31
954893 35 37
955164 51 36
955725 53 42
955761 61 33
955818 44 48
956166 55 38
956367 48 28
956532 44 33
956539 44 36
956541 43 37
956589 59 36
956829 47 41
957057 49 33
957060 47 32
957111 45 39
957506 29 28
958005 47 35
958249 46 37
958330 34 37
958366 44 25
958381 37 23
958474 61 39
958586 58 47
958619 49 39
959014 59 56
959095 38 36
959186 55 45
959542 56 33
959623 52 36
959675 63 25
959683 67 26
959698 62 33
959830 41 31
960041 51 33
960127 35 42
960137 29 41
960154 34 38
960224 47 27
960250 45 37
960472 54 31
960992 51 49
960995 50 53
961192 41 27
961231 52 34
961459 48 35
961561 57 36
961651 39 35
961663 46 30
961672 46 30
961684 50 28
961727 46 27
961957 42 35
961970 47 36
962185 41 35
962679 50 32
962713 36 31
963086 45 38
963156 46 24
963360 45 28
963388 37 32
963465 39 27
963575 59 39
963615 53 31
963803 41 29
963924 43 36
964050 53 45
964074 41 37
964128 51 38
964446 47 35
964499 53 44
964503 55 44
964587 57 41
964947 31 25
964992 54 28
965043 40 27
965211 37 35
965229 40 33
965290 57 28
965338 52 38
965344 56 36
965437 47 39
965654 35 35
966007 55 41
966213 58 41
966837 50 40
967071 45 24
967264 47 37
967298 45 36
967620 32 37
968699 46 27
968898 61 41
969876 46 30
970284 54 40
971369 60 33
972983 44 38
976118 33 23
982982 47 34
983186 52 34
985079 39 34
986291 50 28
986342 50 28
986363 46 27
986465 47 40
986650 57 37
986994 45 36
986995 47 35
987371 44 32
987604 44 44
987803 54 40
987902 36 26
987938 40 32
987977 49 47
987995 51 36
988460 38 29
988491 52 41
989074 48 43
989104 48 33
989606 52 43
989824 43 42
989827 41 42
990543 30 24
990754 44 30
990844 58 37
990871 66 42
990916 53 30
990937 63 42
991069 58 41
992597 51 40
993385 19 18
994566 0 75
994619 1 83
994740 52 37
1000555 50 41
1001655 54 35
1005019 41 20
1006038 38 33
1006146 41 29
1006706 49 37
1006855 63 45
1006973 54 51
1007065 38 30
1007080 35 25
1007198 52 43
1007609 32 34
1007690 44 37
1007747 55 35
1008638 51 35
1008700 50 44
1008782 53 38
1009474 49 36
1010867 49 46
1010930 37 50
1011165 33 32
1011166 34 32
1011436 44 29
1011650 40 47
1012058 50 36
1012568 41 44
1012745 61 45
1012803 56 32
1013588 42 37
1013782 24 30
1014013 48 44
1014328 65 39
1014915 46 43
1014972 44 50
1014988 53 49
1015104 39 49
1015539 30 25
1015743 53 39
1016095 53 30
1016181 51 47
1016920 36 40
1016929 35 36
1016967 33 35
1016978 34 47
1016998 42 39
1017004 46 38
1017048 29 43
1017077 25 48
1017332 46 25
1017449 33 34
1017592 38 47
1017714 41 40
1019195 42 41
1019280 47 42
1019332 38 27
1019353 33 30
1019761 50 32
1019821 42 39
1020072 46 48
1020114 52 30
1020115 52 30
1020138 47 32
1020157 44 36
1020172 52 42
1020241 25 37
1020313 43 34
1020316 42 33
1020433 39 31
1020601 35 39
1020987 52 38
1021222 51 45
1021286 46 44
1021401 53 38
1021440 59 46
1021459 62 43
1021460 62 43
1021467 59 39
1021489 47 38
1021573 36 47
1021576 37 45
1021735 31 38
1021804 57 47
1022204 56 40
1022286 39 31
1022325 30 36
1022507 40 39
1022566 30 39
1022891 51 50
1022929 37 41
1023097 43 41
1023316 56 34
1023409 45 36
1023540 45 40
1023796 49 32
1023819 42 39
1024012 21 16
1024013 23 17
1024164 35 45
1024249 56 38
1024261 51 36
1024505 43 41
1024743 49 45
1024889 36 33
1024976 27 20
1025141 39 32
1025145 42 34
1025148 45 35
1025219 28 41
1025416 40 36
1025698 47 38
1025729 47 35
1025749 46 35
1025797 55 40
1026004 29 44
1026099 48 37
1026201 48 50
1026204 49 49
1026239 54 38
1026334 36 41
1026519 22 31
1026523 22 29
1026577 36 37
1026861 31 44
1026876 34 39
1026885 41 41
1027473 40 28
1027479 47 32
1027551 53 41
1027569 49 33
1027611 34 44
1027713 51 35
1028129 33 34
1028151 43 36
1028301 46 31
1028476 36 30
1028518 39 40
1028678 29 40
1028679 28 40
1029023 28 28
1029048 26 32
1030085 46 59
1030195 48 31
1030234 42 35
1030572 24 26
1030575 25 30
1030599 23 37
1030603 27 37
1030609 28 39
1031513 44 45
1031566 38 42
1031684 55 42
1032011 28 24
1032045 17 7
1032233 40 40
1032439 51 48
1032803 56 36
1032817 56 46
1032853 48 42
1032865 41 33
1033414 47 42
1033759 45 29
1033891 40 43
1034023 27 33
1034069 41 43
1034194 40 34
1034260 62 40
1034320 34 29
1034680 55 38
1034749 48 39
1035224 45 35
1035692 39 35
1035751 45 29
1036108 53 43
1036319 49 44
1036564 52 40
1036848 39 48
1037309 52 42
1037705 21 38
1038196 40 46
1038357 40 42
1038541 46 36
1038945 51 29
1039153 31 23
1039432 87 0
1039501 54 47
1039694 54 46
1039759 36 41
1040059 44 28
1040068 45 28
1040314 39 37
1040527 41 53
1040782 46 42
1041067 41 23
1041898 46 50
1042076 42 43
1042082 41 43
1042129 33 30
1042299 37 33
1042378 34 38
1042436 45 46
1042444 48 50
1042670 26 41
1043086 37 30
1043154 32 36
1043281 33 37
1043663 63 37
1043697 47 50
1043698 47 49
1044156 37 52
1044363 42 45
1044651 34 27
1044765 53 52
1044835 32 42
1045326 39 54
1045356 41 46
1045401 44 37
1045486 37 37
1045639 35 36
1045776 57 38
1048926 46 47
1050097 52 52
1050447 23 43
1051113 47 47
1051440 40 44
1051791 43 42
1051801 43 45
1051803 47 44
1052018 23 37
1052163 50 33
1052188 33 31
1052273 48 38
1052341 30 38
1052378 41 35
1052497 29 26
1052560 56 37
1052592 33 38
1052605 36 43
1052615 45 47
1052621 45 47
1052676 44 36
1052685 33 32
1052742 39 33
1052772 41 34
1052825 41 42
1052838 42 38
1052952 39 46
1052993 50 40
1053089 45 36
1053364 33 34
1053413 36 42
1053475 55 27
1053514 46 40
1053838 35 40
1054276 43 31
1054308 32 40
1054309 33 39
1054387 51 37
1054919 33 21
1055111 30 37
1055148 46 51
1055155 50 47
1055172 38 44
1055414 40 35
1055551 19 25
1055652 56 31
1055714 22 25
1055727 20 23
1055947 34 37
1056102 43 39
1056259 36 29
1056562 32 41
1056566 32 42
1056757 54 37
1056897 37 33
1057010 30 33
1057044 30 30
1057220 44 24
1057415 42 40
1057693 53 24
1057756 39 44
1057867 36 37
1057930 49 27
1058604 42 43
1058896 29 23
1059049 44 28
1059051 45 29
1059173 39 26
1059200 44 36
