11 6 0
12 5 1
18698 21 21
19079 30 26
19190 26 21
19235 20 26
19418 28 14
19592 27 21
19607 26 23
19787 13 5
19818 10 4
19831 11 10
19876 14 10
19888 15 9
19909 10 5
20002 13 20
20018 15 15
20040 12 15
20156 10 14
20162 8 17
20199 10 19
20227 17 13
20234 17 17
20240 19 15
20300 17 19
20343 20 22
20365 25 17
20401 24 22
20422 24 22
20451 21 18
20601 18 17
20618 24 17
20629 26 17
20685 12 10
20944 4 11
21052 15 13
21251 24 20
21383 28 25
21404 28 22
21406 24 23
21692 30 25
21829 12 15
21836 14 14
21868 10 20
21956 17 28
21958 16 30
22018 24 19
22027 29 20
22048 22 19
22073 20 20
22077 20 22
22082 18 21
22200 33 26
22394 20 17
22435 10 17
22436 11 17
22442 14 15
22490 17 17
22508 18 17
22571 11 17
22602 23 10
22641 28 24
22752 20 15
22901 22 29
23029 23 16
23061 21 20
23158 11 19
23227 22 17
23567 15 17
23819 20 26
23825 23 21
23844 27 18
23845 26 19
23859 26 20
23980 25 35
24050 30 22
24178 18 18
24245 22 22
24278 19 24
24314 13 13
24322 15 16
24383 19 18
24590 22 20
24680 23 18
24734 17 31
24889 15 28
24892 15 29
24925 16 16
24947 21 15
25142 20 22
25332 8 6
25448 10 10
25492 16 20
25498 15 18
25544 9 9
25639 8 12
25816 17 17
25932 15 23
26175 19 23
26193 24 24
26361 24 21
26816 9 17
26921 24 17
27766 18 20
28083 25 11
28175 23 28
28251 20 17
28348 16 15
28430 15 16
28486 12 15
28675 11 10
28712 15 17
28823 17 19
28844 16 16
28867 20 14
29084 33 33
29136 28 37
29159 30 27
29413 27 30
29436 33 29
29439 28 24
29611 32 21
29772 21 30
29780 22 29
29947 19 17
29948 16 18
30011 20 14
30086 13 23
30100 0 34
30326 19 17
30767 15 16
30929 10 16
31127 31 20
31220 22 19
31550 2 11
31898 3 9
32579 12 15
33110 15 17
35977 23 22
36309 33 16
36660 8 11
37550 26 29
40117 17 21
45079 0 34
48831 8 7
49829 15 20
50190 20 21
52685 14 9
53267 28 25
55031 26 19
56779 11 13
61316 10 11
62372 12 22
63614 17 26
63673 12 17
63857 13 18
63862 12 18
65439 15 18
65515 16 11
65693 17 18
65726 19 16
65833 17 11
65839 17 12
65890 27 23
65990 23 21
66336 20 23
66593 16 20
66712 14 17
66944 22 24
67067 35 29
67245 23 18
67352 21 19
67365 20 15
67366 19 15
67724 15 11
68069 26 14
68251 19 11
68366 15 13
68371 15 13
68669 23 18
69004 17 13
69394 27 18
70017 11 15
70042 14 18
70122 18 15
70242 24 18
70539 11 7
71061 13 18
71639 20 23
71720 25 30
72985 18 21
73288 16 16
73364 17 21
73715 22 23
73828 21 22
74639 11 11
74870 21 15
75084 18 12
75901 7 17
75929 14 12
76055 24 19
76542 19 15
76601 14 15
76838 19 19
76840 20 19
76923 7 4
77022 8 6
77137 7 8
77218 12 20
77518 24 23
77741 11 13
78274 20 22
78392 15 17
79334 22 26
79796 27 18
79985 30 24
80021 20 13
80087 7 5
80878 21 15
81094 16 16
81238 12 18
82031 17 23
82169 22 23
82286 15 16
82319 27 19
82755 27 34
82777 23 25
82790 16 23
82944 29 24
83006 17 26
84449 21 8
84453 22 8
84502 15 14
84881 19 32
85268 37 22
85383 24 27
85630 19 24
86367 23 24
86677 14 9
86879 8 8
86976 19 13
87078 9 16
87284 13 6
87338 13 15
87685 20 24
88051 25 28
88067 21 32
88296 7 15
88420 10 5
88450 11 12
88701 19 17
88890 23 21
89130 21 22
89772 20 22
89862 28 20
90627 39 24
91610 15 15
91627 10 15
91949 12 8
91965 11 9
92360 5 3
92364 5 1
92526 17 24
92531 17 19
92533 17 19
92876 19 12
93017 14 11
93071 17 12
93100 13 14
93140 20 13
93159 19 14
93312 14 20
93339 21 18
93358 22 25
93486 23 23
93652 6 14
93660 9 11
93812 15 25
93952 14 18
94029 22 23
94030 22 22
94042 16 19
94170 20 23
94498 28 25
94520 24 25
94564 13 13
94615 12 10
94648 6 9
94679 14 12
95186 11 12
95354 6 5
95608 25 18
95639 24 20
95819 18 19
97427 17 18
97557 9 5
97597 13 9
97652 14 19
97826 14 25
98054 14 20
98258 22 19
98307 16 24
98469 17 19
98653 21 19
98694 20 24
99132 28 19
99255 29 21
99537 32 22
99665 28 37
100124 20 21
100148 21 25
100255 15 12
100680 18 16
101262 22 16
101727 14 24
101963 21 17
102247 19 20
102369 17 22
102469 34 16
103350 14 16
103522 22 17
103582 18 18
103612 29 20
103804 18 21
103884 17 17
103916 21 28
104466 13 21
104635 19 16
104677 24 28
107404 24 22
108686 12 19
108811 33 33
109031 17 13
109071 18 18
109153 20 15
109242 25 14
109355 24 20
109363 19 18
109398 19 10
109401 20 12
109425 17 8
109506 30 12
109575 23 30
109705 21 18
109727 20 16
109734 13 14
109763 22 14
109884 9 16
110062 29 25
110461 23 21
110707 24 25
110805 19 25
110986 37 27
111244 18 35
111421 18 14
111436 18 18
111824 15 12
111930 16 24
111938 20 26
111939 20 28
111991 20 32
112026 15 29
112137 13 18
112238 19 13
112276 24 23
112354 12 16
112356 13 17
112544 16 18
112687 21 19
112700 18 24
112730 19 25
113020 13 26
113066 9 16
113142 9 15
113143 10 17
113250 14 15
113365 20 22
113449 18 19
113492 20 18
113562 19 28
113658 16 18
113671 15 19
113756 21 12
113830 14 12
113901 11 10
114077 30 23
114212 11 16
114240 14 11
114309 15 21
114328 16 14
114527 25 22
114557 29 18
114647 10 18
114648 8 17
114657 5 15
114722 20 12
114770 21 20
114856 17 22
114986 22 11
115037 22 21
115045 20 19
115106 18 24
115269 15 14
115376 14 14
115398 13 9
115467 22 24
115484 16 21
115510 12 12
115583 14 16
115715 16 14
115806 16 15
115938 17 18
115946 17 18
116126 17 21
116312 18 20
116335 8 20
116400 10 13
116495 14 18
116522 16 11
116678 31 15
116684 30 14
116822 8 14
116978 17 20
117389 15 20
117458 29 17
117479 24 13
117482 23 12
117530 19 20
117786 21 12
117854 17 19
117950 14 16
118320 15 14
118335 18 16
118484 25 16
118638 19 15
119289 22 29
119328 14 20
120185 28 26
120193 0 59
120214 25 31
120548 22 21
120590 24 21
121204 14 12
121490 25 24
121535 11 15
121565 12 14
121809 7 11
121817 8 10
122008 0 15
122096 18 18
122136 16 5
122138 13 6
122338 11 10
122351 12 15
122928 13 11
124011 24 20
124293 27 27
124419 18 14
124640 16 19
125126 27 19
125847 11 21
126012 18 18
126201 36 25
126662 22 17
126689 26 18
126720 30 19
126767 27 20
126932 24 24
127004 17 18
127217 14 23
127232 9 21
127476 17 16
127485 17 20
127529 19 16
128381 17 20
129088 11 5
129762 19 21
130207 29 17
130727 21 24
131338 18 29
132608 23 25
133121 19 25
133676 14 15
134349 16 9
134765 21 17
135029 10 26
135853 13 21
136206 20 19
136287 22 26
136525 14 14
136963 0 29
136969 0 34
136970 0 35
138122 13 24
138151 8 19
138152 8 20
140995 15 15
141133 20 31
141388 13 17
141898 8 10
144377 8 12
144479 21 29
144820 17 25
145065 16 15
145778 15 21
148229 17 26
151306 20 15
151451 22 16
152079 16 17
152311 14 15
152569 19 17
152801 23 23
153155 10 13
155278 15 20
159669 22 23
160952 10 22
163449 18 28
165467 12 26
170544 19 24
173890 35 19
177776 30 25
179900 14 7
180327 31 20
180412 25 30
183088 25 20
184114 24 25
184953 5 7
185061 25 0
186043 27 20
187694 31 30
188708 8 9
189520 16 21
190353 15 19
191192 34 20
192415 42 0
192536 22 12
193482 48 0
194277 18 14
194407 25 15
194466 20 21
195525 11 20
196147 24 25
196695 7 7
196845 13 17
196849 13 19
196991 21 22
197186 22 31
197459 36 31
198637 13 11
198638 14 11
199043 31 20
199813 18 15
200350 19 25
200465 25 21
203413 24 19
207339 21 19
207362 14 16
210539 16 16
210685 22 22
210770 34 0
212855 12 15
213996 16 12
221190 20 15
223258 20 18
224908 12 12
226560 19 10
228374 25 28
228807 7 8
229358 31 29
231281 14 12
231283 15 13
234144 7 11
234177 14 12
234378 14 12
234472 9 11
234505 10 16
234548 22 17
234694 21 10
234767 13 11
234822 24 21
234824 26 23
234859 32 27
235332 24 12
235352 22 16
235798 20 28
235891 27 13
235940 17 17
236188 30 20
236237 27 24
236611 18 15
236638 12 14
236662 21 15
237080 21 19
237225 15 8
237608 11 24
237728 14 19
237814 3 13
237951 13 10
237982 17 10
238074 20 23
238148 22 27
238192 13 16
238301 12 21
238303 13 21
238370 16 24
238466 23 13
238667 21 22
238727 26 15
238758 9 21
238919 15 10
238970 11 17
239098 15 17
239575 12 22
239804 19 25
239896 23 13
240031 16 14
240159 23 17
240627 23 14
240793 16 27
241160 18 18
241422 8 9
241720 21 8
241757 15 13
241859 19 16
241905 16 12
242101 16 22
242983 25 26
243426 8 5
243795 16 8
243937 14 18
244131 13 14
244156 11 12
244378 18 23
244405 18 21
244615 9 8
244672 8 20
244708 17 14
244993 18 30
245473 15 14
245489 12 15
245635 26 29
245789 8 16
245823 21 20
246098 17 19
246274 8 10
246315 14 14
246480 23 18
246534 26 20
246582 11 23
246698 26 22
246798 17 16
246804 16 15
246852 19 20
246916 25 22
247009 21 16
247140 20 19
247320 25 23
247374 16 24
247377 18 24
247393 25 25
247449 21 27
247740 18 16
247888 17 27
247896 15 23
247920 15 20
247930 21 17
247958 17 18
248269 6 11
248314 27 13
248559 12 13
248615 13 19
248656 17 22
248752 20 24
249052 17 13
249539 36 21
249558 30 29
249601 17 25
249616 20 28
249635 18 23
249640 17 23
249723 28 25
249743 25 20
249899 19 23
250337 29 22
250359 26 21
250412 22 22
250583 37 35
250588 37 34
250697 21 21
250711 27 20
250891 12 4
250979 11 14
251134 13 7
251868 19 23
252448 26 20
252615 33 30
252766 15 14
252808 22 50
252815 26 46
253274 8 11
253770 18 21
253806 20 19
254014 32 18
254321 24 32
254691 32 15
254994 17 14
255134 13 13
255736 14 21
255899 11 15
256166 8 11
256202 25 18
256217 27 20
256226 28 25
256392 19 19
256508 24 16
256525 22 13
256528 21 13
256592 19 9
256650 15 12
256727 19 9
256737 14 13
256826 20 20
257091 26 19
257200 22 35
257316 24 19
257334 24 22
257366 25 25
257504 19 15
257654 15 22
257917 13 9
258268 23 28
258652 11 25
258928 12 23
259051 13 28
259210 22 18
259471 13 19
259762 14 17
259766 14 19
260002 26 21
260116 29 24
260197 26 27
260496 26 22
260852 9 10
261030 20 28
261053 24 26
261101 21 24
262367 15 12
262552 21 24
262607 26 34
262933 15 15
262942 13 12
263103 16 16
263142 8 16
263151 8 14
263230 14 20
263279 9 16
263502 9 16
264597 18 30
264903 17 9
264939 12 9
265134 21 25
265286 14 16
265316 16 8
265971 16 20
266094 15 26
266148 17 16
266577 17 10
266628 10 10
266631 9 11
266739 18 15
266889 21 17
266895 17 17
266899 17 16
266966 29 27
266973 24 28
267357 8 12
267477 18 7
268559 24 19
268599 16 31
268605 17 29
268836 20 13
269037 13 17
269053 17 24
269058 18 27
269215 11 11
269349 13 20
269358 19 18
269565 15 21
270839 15 25
270995 21 19
271759 28 30
271885 38 23
271960 27 26
272263 19 21
272455 21 28
272497 31 24
272572 24 17
272710 20 29
272974 25 29
273019 26 21
273481 22 18
273722 14 21
273894 14 12
274027 15 7
274041 12 3
274160 20 25
274162 19 23
274243 23 17
274580 23 12
275113 20 19
275215 17 24
275287 3 7
275969 13 21
276049 18 23
276224 17 8
276235 16 8
276391 11 11
276631 17 9
276713 12 6
276795 23 19
276838 13 24
276974 14 21
277307 16 18
277526 8 16
277541 6 14
277574 16 12
277604 16 18
277652 17 29
278461 26 29
278475 31 23
278491 33 22
278546 21 33
278633 0 32
278707 0 32
278709 0 35
278715 1 40
278984 1 35
278999 0 38
279188 25 28
279218 39 23
279224 37 26
279239 21 29
279272 27 21
279352 21 20
279488 22 17
279746 18 24
279975 16 23
280198 28 13
280340 20 27
280412 19 34
280717 25 29
281178 27 30
281289 19 15
281400 16 28
281460 22 14
281896 16 17
282094 26 25
282215 26 34
282385 33 24
282399 35 22
282495 19 22
282505 22 17
282741 9 8
282769 7 15
283638 6 8
283645 6 9
283710 9 10
283746 5 17
283794 17 20
284108 22 27
284270 24 12
284594 18 14
284627 19 17
284763 22 14
284777 22 24
284813 18 32
284882 31 31
284978 24 17
285138 28 17
286333 18 15
286348 16 24
286350 16 23
286729 11 26
286816 18 29
286864 25 18
287005 27 20
287010 23 20
287397 26 23
287409 20 22
287935 16 18
288047 22 21
288347 19 26
288473 27 19
288491 29 16
288572 12 17
288614 21 22
288740 26 18
288935 27 23
289396 16 9
289433 12 28
289538 17 22
289582 19 21
289627 20 19
289660 22 17
289669 20 14
289996 18 22
289997 19 21
290016 15 19
290058 12 13
290159 17 7
290328 25 17
290359 13 20
290595 15 14
291216 21 14
291384 48 0
291386 45 0
291459 14 17
291969 19 13
292042 5 10
292251 8 17
292312 14 13
292518 15 18
292529 22 19
292618 18 15
292858 16 20
292952 11 15
293009 14 12
293060 15 11
293333 15 16
293404 10 12
293839 9 11
293882 12 6
294090 15 17
294289 14 19
294637 18 13
294718 11 27
295045 16 17
295063 13 24
295292 18 16
295360 16 28
295384 19 20
296236 8 10
296473 12 6
297011 13 14
297157 13 12
298644 18 17
299124 18 26
299174 22 22
299209 17 23
299315 12 17
299526 29 26
299532 25 24
299734 11 16
300539 16 10
300917 18 29
301123 8 18
301291 18 15
301957 15 20
301966 17 22
302144 15 16
302196 20 13
302282 15 19
302332 20 19
302440 24 27
302671 20 16
302764 24 25
303516 16 17
303601 9 17
303604 10 17
303878 16 17
304243 29 25
304352 27 23
304381 23 22
305200 17 10
305324 23 16
305397 17 17
305614 28 23
305731 19 24
305736 23 22
305771 15 14
306415 25 19
306665 15 15
307503 12 11
307601 21 23
308630 21 26
308703 28 25
308802 16 18
309238 15 14
310006 11 16
310404 18 18
310613 21 21
310770 14 19
310983 16 19
311265 9 19
311616 14 14
311784 11 19
311889 12 13
311937 12 13
312135 18 33
312163 19 31
312168 19 26
312399 12 19
312573 22 14
312732 17 17
312984 26 24
313107 17 17
313320 13 25
313374 24 24
313809 11 23
313812 13 27
313848 17 24
313878 23 22
313965 11 22
315348 15 7
315383 18 18
315459 12 15
315521 17 12
315642 15 19
316223 14 16
316490 34 15
316628 26 21
316991 24 23
317117 20 10
317498 15 22
317534 17 32
317605 26 16
317614 30 12
317989 26 21
318033 14 19
318348 19 18
318570 26 19
318879 12 24
318969 16 26
319560 15 25
319635 20 25
319896 16 17
320465 13 15
320814 29 22
320834 22 25
320904 19 25
321077 17 27
321084 15 24
321294 30 21
321345 28 31
321460 23 26
321603 12 17
321772 21 21
321825 26 23
322042 14 18
322071 18 17
322311 21 25
322903 17 22
323271 37 33
323467 12 9
323570 15 27
323599 15 17
323636 7 15
323645 7 16
323709 22 30
324014 25 19
324173 21 23
324449 21 22
324470 31 19
324662 22 29
325271 13 18
325334 23 37
325403 19 23
326213 14 11
326408 5 8
326975 31 28
326981 27 29
327112 21 26
327373 5 12
327506 11 7
327514 10 8
328168 24 22
328471 19 37
328528 23 29
328635 25 25
328804 30 29
328989 20 29
328990 18 31
330265 28 30
330526 19 28
330832 13 12
331041 8 18
331044 7 19
331075 21 13
331078 23 13
331090 22 15
331273 15 15
331395 15 18
331937 13 21
331984 16 20
332094 26 21
332157 17 16
332566 27 15
334170 26 28
335529 32 26
335835 12 14
336413 16 19
336436 17 23
336921 7 16
336975 10 24
337003 14 20
338262 22 26
338295 13 26
338892 14 9
339111 17 22
339377 23 18
339393 26 23
339496 12 28
339567 25 19
339777 22 19
339830 24 29
341688 14 17
342319 20 22
345678 17 18
347029 12 8
348674 10 15
355836 15 10
356572 15 12
357193 0 26
357438 9 16
357723 12 14
360406 9 22
361284 14 17
361865 16 16
362425 8 16
364406 13 20
364988 20 21
365170 8 18
365389 9 9
367056 12 9
367673 9 17
367859 12 13
368150 33 34
369632 6 4
369646 4 5
370090 10 16
370156 16 11
370176 16 8
370434 12 23
370558 15 18
370785 30 30
371097 15 15
371483 7 15
372955 14 14
373553 8 7
378260 22 15
379693 10 22
380248 18 29
380270 20 24
381157 19 19
381256 16 19
381370 22 18
381823 15 19
381898 25 24
381902 24 25
381911 28 26
382117 23 28
382258 12 11
382340 13 10
382385 6 9
382405 5 16
382560 15 24
382590 22 22
382777 13 14
383137 5 12
384824 14 10
386305 8 5
386390 10 18
386841 13 24
387257 29 21
387634 21 23
388450 8 13
388456 6 15
388762 11 20
388801 18 19
388930 24 27
388945 21 28
389118 29 28
392412 13 18
397180 19 16
397486 17 13
397605 14 12
400451 14 27
401564 20 22
405362 19 17
407847 15 15
408647 24 29
408660 22 28
411161 18 33
413007 21 13
415732 5 15
416876 25 19
416918 26 20
417289 27 34
417956 19 24
418313 22 20
423791 12 18
423854 24 19
425418 31 15
425540 10 20
430049 10 20
431739 15 16
431754 12 17
433955 17 13
438484 13 17
439038 22 18
439662 9 13
442615 12 11
442873 11 16
444126 18 12
444168 17 16
444569 19 12
444593 14 18
444668 20 13
444766 8 11
444770 9 11
444806 17 13
444929 10 20
445043 24 26
445082 22 21
445085 20 23
445132 25 22
445179 13 24
445227 8 15
445298 7 6
445923 19 12
446197 31 24
447548 16 16
448368 25 25
449184 3 6
450044 11 11
450246 15 27
451397 6 11
460011 490 1108
490736 11 13
490778 13 10
490779 14 9
490822 15 15
490980 17 16
490994 13 15
491106 11 17
491119 15 21
491270 13 13
491271 12 12
491308 18 16
491675 19 18
491686 14 14
491705 10 11
491711 7 7
491811 10 12
491843 12 18
491852 18 18
491878 21 12
491882 22 11
491897 16 12
492576 14 22
493580 14 14
493682 15 22
493694 12 21
493775 14 13
493843 13 18
493919 7 28
494318 11 12
494432 12 7
494492 10 13
494710 22 20
494712 22 19
495003 14 19
495345 19 12
495808 8 15
496219 13 10
496435 17 21
496836 11 12
497836 8 19
497944 29 30
497971 24 20
497973 0 39
497991 0 36
498060 20 17
498295 17 17
498324 14 13
498458 15 11
498922 10 19
499675 22 23
500002 16 21
500140 26 18
500276 17 20
500367 17 11
500417 15 14
500418 17 16
500492 10 16
500588 15 14
500834 14 24
501111 30 14
501204 14 22
501435 17 31
501513 19 28
501528 17 25
501623 16 21
501645 20 15
501702 17 20
501735 22 19
502073 17 18
502282 12 13
502332 13 25
502344 17 25
502354 18 20
502412 21 17
502532 12 26
502605 15 14
502626 12 16
502762 0 45
502763 1 42
502764 0 43
502809 0 48
502836 1 42
502837 0 44
502895 24 17
502958 14 21
503087 9 8
503194 8 6
503205 10 5
503278 17 12
503303 10 27
503513 26 22
503636 29 28
503711 26 18
503786 24 28
504005 29 32
504089 28 19
504212 12 26
504237 21 23
504353 13 22
504508 24 23
504584 15 22
504666 20 24
504702 28 26
505017 14 33
505065 22 14
505090 17 22
505155 18 28
505347 26 20
505761 17 24
505927 6 10
505938 7 12
506248 20 18
506557 22 21
506656 18 26
507076 22 25
507214 25 19
507813 18 7
507918 14 19
507954 12 17
508025 11 14
508029 11 15
508092 17 12
508185 5 20
508275 6 7
508295 8 9
508386 14 15
508473 13 16
508530 14 16
508612 17 22
508650 18 12
508719 14 10
508854 21 14
508893 17 31
508921 21 32
508980 23 22
509280 27 22
509325 27 30
509343 21 29
509439 20 25
509613 20 14
509643 16 29
509787 25 29
509797 24 29
509983 23 17
510269 12 13
510380 24 27
510470 28 30
510487 34 35
510508 28 28
510560 25 33
510902 10 19
511072 22 16
511198 23 23
511341 32 29
511774 20 23
511885 18 24
513002 9 3
513013 10 1
513650 29 29
513652 28 27
513766 30 23
514237 22 21
514238 22 20
514239 22 19
514438 23 24
514582 26 24
514635 27 32
514833 16 23
514846 15 25
514923 12 17
514957 11 12
514966 10 10
514980 8 14
515007 7 11
515082 15 21
515237 11 12
515451 17 22
515517 18 24
515571 15 17
516198 28 28
516237 24 33
516694 10 14
516897 21 27
517095 20 24
517115 26 26
517339 14 20
517580 26 22
517615 19 15
517748 17 15
517821 5 5
518096 24 22
518202 16 15
518291 15 20
518453 11 13
518560 26 26
518618 20 19
519158 6 13
519164 6 8
519350 18 25
519432 17 14
519440 23 11
519647 11 14
519667 7 21
519689 7 20
520062 21 18
520934 19 13
521147 15 16
521278 18 17
521381 14 10
521644 28 24
522609 12 10
522915 24 24
522947 16 17
523175 32 28
524919 18 17
525197 24 21
525386 25 18
525540 22 29
525792 14 14
525801 15 11
526231 12 9
526266 18 12
526398 19 20
526415 23 19
526551 16 13
526686 30 19
526780 19 19
526818 17 18
526821 17 18
526848 26 16
526923 21 20
527013 14 21
527112 25 13
527583 27 25
527716 28 16
527874 18 15
528192 21 23
528744 21 29
528750 52 0
528801 23 12
529056 13 20
529569 21 20
529575 21 22
529587 27 18
529716 28 24
530016 31 19
530175 31 21
530262 26 25
530351 23 29
530378 21 27
530559 15 6
530693 5 4
530731 8 1
530781 13 20
531362 21 24
531752 21 24
531797 21 14
531848 17 11
532085 19 24
532147 24 19
532256 21 25
532382 15 14
532541 18 23
532556 14 23
532724 15 17
532748 17 19
532790 30 18
532862 24 21
532985 30 16
533082 30 20
533802 18 19
536834 24 22
537572 15 11
543142 16 15
543241 11 17
543481 15 13
543737 6 6
545568 26 19
545674 17 12
546356 22 14
548126 17 24
548328 15 9
548453 26 19
548552 9 23
549298 26 23
550374 18 9
552833 27 18
552875 33 22
553064 21 24
553071 21 24
553130 22 22
553148 22 20
553634 22 23
554134 34 21
554205 26 23
554262 19 23
554451 21 8
554491 24 19
554695 25 28
554932 18 14
554938 22 13
555433 33 22
555994 26 13
556057 22 20
556428 17 7
556750 11 12
556880 22 15
556962 15 16
557015 15 19
557325 16 18
557421 25 16
557853 14 19
557862 19 16
557980 20 23
558666 28 17
558946 24 23
559253 29 21
559512 18 21
559542 14 23
559668 27 35
559836 29 23
559899 27 22
560025 11 25
560520 11 6
561786 18 14
561976 24 20
562047 24 29
562071 24 19
562306 28 19
563187 17 22
563208 21 15
563209 22 15
563583 8 11
567958 18 15
568115 18 11
568226 26 21
568450 21 17
568547 27 23
568918 21 15
569540 29 14
570033 19 18
570429 24 9
570677 16 12
570787 11 9
570844 24 16
570915 20 26
571413 21 17
571752 20 12
571773 29 11
571810 18 11
571827 17 12
572012 8 7
572165 17 9
572187 18 13
572295 34 19
572947 20 10
574951 20 18
575258 24 11
575474 25 15
575798 33 22
576168 31 24
578338 21 4
582504 22 14
583134 35 13
583479 33 12
583526 23 17
585710 4 6
586256 18 14
586322 13 17
587582 12 9
587885 22 14
591466 21 12
591553 18 18
591569 17 15
591956 14 9
591979 10 9
592354 25 14
592680 19 13
599144 18 8
599196 14 4
599207 12 5
599483 15 7
599987 16 14
601490 27 23
603025 29 18
604414 37 23
604896 9 10
605257 13 11
605538 28 6
607076 28 9
607091 26 8
607172 17 5
607201 13 5
607345 22 17
607532 33 7
607615 11 11
607638 8 4
607681 26 16
607708 31 15
607723 27 10
607738 23 10
607780 9 10
607791 9 9
607792 9 9
607815 15 8
607923 17 15
607924 16 15
607999 21 10
608023 22 8
608103 14 13
608137 19 17
608155 12 12
608156 9 12
608473 21 17
608667 19 13
608674 19 9
608686 18 7
608710 20 11
608725 19 10
608749 15 6
609040 25 11
609088 23 13
609127 16 8
609214 23 19
609309 22 14
609381 23 20
609489 25 20
609556 22 3
609573 23 5
609590 31 8
609628 27 11
609689 27 19
609792 22 13
611180 30 15
611770 34 12
611780 31 14
611974 39 19
611995 28 9
612203 13 3
612239 13 7
612359 27 15
612480 26 10
612517 36 11
612785 31 16
613114 33 12
613219 28 18
613369 41 16
613381 34 16
613465 25 16
613480 31 15
613483 27 15
613528 11 4
614131 18 8
614137 11 12
614179 10 5
614287 5 0
614305 7 2
614370 21 6
614412 12 5
614424 8 6
614457 13 4
614709 29 17
614741 27 5
614752 24 5
616057 36 11
616888 24 10
617209 29 12
617373 25 9
617707 19 7
617866 26 10
618109 21 12
618280 19 7
619024 22 11
619342 27 12
619477 16 8
619651 31 7
619732 37 13
619753 32 14
619972 25 8
620542 28 7
621040 24 10
621337 29 16
621514 27 6
621547 24 12
621604 31 20
621673 39 9
621898 31 11
622069 17 3
622345 18 12
622970 19 1
623000 10 2
623060 19 0
623495 14 6
623831 35 9
624956 32 12
625038 14 1
626423 10 1
627008 26 11
627202 35 14
627275 34 19
627362 40 11
627371 39 6
627544 21 5
628216 11 8
628275 20 3
628362 25 2
628366 24 2
628425 19 6
628811 0 55
629442 26 9
629691 17 4
629915 21 5
629975 27 11
630049 28 8
630315 21 8
630551 25 8
630569 21 5
630871 31 14
630918 38 11
630959 33 12
631178 10 6
632012 29 13
632063 19 13
632068 18 13
632079 19 8
632382 30 9
632672 25 8
632838 23 8
632911 22 11
632987 29 6
633128 11 6
633131 11 8
633150 15 7
633164 19 7
633200 30 12
633303 33 16
633317 37 19
633348 29 10
633356 36 8
633478 30 17
633783 33 11
634220 27 14
634489 29 13
634507 25 8
634591 51 18
634861 28 6
635026 17 9
635188 20 17
635221 32 15
635383 19 8
635392 27 7
635618 22 8
635887 26 11
636133 11 3
636166 9 4
636270 10 5
636685 27 1
636691 30 3
637194 31 11
637237 27 11
637468 41 13
638088 31 13
638412 39 14
640446 31 8
640497 19 6
641407 16 6
641416 17 4
642133 32 11
642189 25 8
642816 41 8
643161 34 10
643839 26 10
643915 43 12
644076 36 16
644082 32 14
644136 47 8
644552 33 9
645079 23 12
645339 23 13
645453 45 7
645540 29 5
646706 42 14
646849 36 13
646862 39 10
647018 40 4
647096 36 8
647372 36 9
647513 44 16
647723 38 11
647753 38 22
647779 47 14
647789 43 12
647855 47 14
647937 32 14
648650 33 16
648878 33 9
648954 19 7
649037 15 6
649259 28 4
649838 38 8
650213 24 9
650261 35 8
650768 28 9
656892 19 4
657023 21 10
657028 20 10
657042 19 11
657050 21 10
657235 12 3
657493 10 1
657537 12 9
657603 10 3
657632 16 8
658055 42 9
658600 19 5
659351 32 8
659770 22 5
659917 20 5
659920 21 5
660047 33 13
660372 30 5
660473 25 14
660623 18 3
660917 33 5
661445 23 5
661751 21 11
661865 26 12
661928 35 11
662008 26 10
662312 24 6
662354 22 7
662495 26 14
662516 44 16
662628 42 10
662711 29 19
662979 16 2
663018 23 5
663333 33 9
663369 39 12
663840 35 17
663891 29 14
664140 29 16
664158 37 13
664659 41 14
665237 25 8
665344 38 14
665346 40 13
665367 38 9
665414 32 9
665752 24 10
666391 19 7
666396 23 9
666936 32 9
667632 36 19
667774 30 11
667878 33 6
668208 18 9
668242 21 9
668245 25 9
668551 19 11
668900 18 10
669014 30 7
669044 22 7
669054 17 5
669186 13 4
669187 12 4
669188 10 3
669237 14 6
669291 22 6
669294 23 5
669309 22 8
669898 24 7
669921 24 8
669991 31 9
669995 31 8
670010 31 9
670062 27 10
670461 20 8
670865 13 7
670934 16 9
671000 19 8
671033 12 6
671168 20 7
671258 15 4
671311 25 11
671324 26 12
671464 31 7
671466 31 7
671556 29 5
671564 30 10
671670 29 8
671704 30 6
671822 30 3
671957 24 9
672243 35 11
672266 32 11
672294 29 12
672318 25 14
672356 29 5
672395 26 7
672506 28 9
672557 21 1
672638 18 1
672684 25 3
672779 30 8
673081 15 4
673091 15 3
673112 15 3
673275 32 15
673534 26 2
673540 25 2
673887 14 7
674153 27 9
674200 18 9
674616 29 8
674648 34 10
674712 19 2
674764 23 4
674782 25 3
674878 17 6
674976 20 6
675043 13 6
675395 19 11
675408 19 15
675925 19 9
675926 20 8
675962 12 7
676077 15 6
676610 27 9
676613 25 10
676886 37 13
676926 32 10
676938 32 9
677006 28 11
677133 29 11
677165 22 11
677324 25 11
677676 31 8
677700 20 5
677901 42 11
677907 45 14
677958 40 12
677992 38 13
678097 20 6
678195 18 6
678278 38 13
678532 25 12
678620 26 6
678646 23 9
678752 23 5
678794 15 5
678818 16 4
679181 13 5
679404 29 11
679497 39 7
679601 27 14
679808 37 6
680006 10 6
680160 15 6
680347 36 9
680365 22 13
680500 45 12
680927 27 11
681098 20 5
681564 24 7
681615 25 9
681852 31 14
682249 18 5
682831 31 15
682840 30 13
682875 30 8
683406 16 8
683463 24 9
683589 21 6
683799 29 15
683859 20 7
684069 28 11
684168 36 10
684642 30 7
684651 26 7
684654 26 7
684786 22 8
685229 22 13
685722 35 6
685854 25 11
685893 28 11
686001 30 12
686214 25 8
686637 20 7
686724 22 16
686786 33 20
686790 34 17
687647 15 7
687663 26 8
687736 22 3
687770 18 5
687808 19 9
688078 8 3
688147 16 5
688228 9 10
688238 7 9
688247 9 7
688264 7 5
688266 7 5
688327 9 6
688348 15 5
688418 12 9
688425 11 8
688605 9 5
688607 8 5
688734 16 7
688773 21 7
688790 17 10
688903 23 3
689123 11 6
689148 16 7
689217 23 4
689501 0 48
689503 30 17
689511 23 13
689528 24 11
689588 27 2
689627 17 10
689720 21 9
689794 22 9
689917 12 10
689956 20 10
690163 23 7
690250 21 6
690275 19 3
690281 16 3
690476 18 10
690480 18 9
690498 20 7
690767 29 2
691333 30 12
691606 26 10
691648 18 4
691717 20 11
691843 23 9
691867 18 7
692161 26 13
692182 31 12
692875 27 9
693268 25 10
693580 35 13
693616 33 7
693688 27 12
693757 26 6
693787 24 9
693905 21 10
694171 36 10
694212 30 2
694319 29 5
694378 11 12
694827 22 9
694842 17 6
694916 21 9
694940 17 8
694952 19 8
694983 8 7
695014 3 4
696351 25 12
696796 18 10
696863 24 10
696991 14 4
697199 31 9
697262 9 5
697760 22 9
698945 24 7
699068 26 16
699182 26 15
699567 15 6
699871 7 6
700112 34 10
700525 34 12
700891 29 14
701266 13 5
701541 28 11
701666 31 7
701794 37 16
702076 27 14
702205 8 12
702364 21 11
702385 24 12
702586 20 9
702678 16 8
702789 24 14
702991 31 13
703357 38 7
703408 44 12
703573 24 10
703612 35 17
703660 26 16
703816 37 14
703972 32 14
704387 28 11
704794 29 15
704830 36 11
704993 33 12
705030 20 10
705094 19 11
705097 18 10
705119 17 9
705129 22 4
705192 28 10
705210 29 10
705222 28 11
705603 18 11
705705 33 6
705728 20 8
705750 20 4
706113 29 4
706445 40 13
706748 33 13
706757 29 12
706781 20 8
706790 28 11
706808 27 9
706907 20 6
706967 20 9
706979 27 7
707021 28 13
707099 20 5
707239 12 12
707303 25 11
707306 25 12
707319 32 12
707645 35 8
707758 16 5
707759 16 5
707773 19 5
707951 31 10
708039 28 10
708186 19 11
708262 16 10
708384 14 3
708426 20 7
708568 35 23
708596 42 20
708797 36 30
708815 44 19
708838 49 12
708841 48 13
708956 38 20
709060 29 12
709064 32 12
709103 25 15
709176 27 17
709385 34 13
709880 26 11
709889 26 13
710057 29 11
710069 28 11
710091 26 9
710117 17 4
710158 5 7
710162 7 6
710168 8 5
710216 10 4
710284 13 6
710359 17 5
710494 28 7
710636 18 10
710705 17 11
710710 17 14
710872 34 17
711046 19 4
711059 25 6
711068 24 5
711313 23 5
711338 14 8
711355 13 9
711433 14 11
711838 30 11
712041 22 13
712135 25 9
712303 16 8
712325 16 6
712943 22 14
712959 15 11
713060 13 7
713069 10 7
713181 13 10
713421 28 7
713480 45 13
713508 24 11
713514 18 10
713517 19 11
713544 37 5
713645 43 12
713694 30 18
713844 25 18
714003 29 12
714021 33 15
714063 39 11
714135 40 14
714159 36 16
714186 46 16
714201 41 10
714303 27 22
714321 32 22
714327 34 22
714408 34 18
714440 31 16
714547 26 8
714588 23 13
714642 21 7
714967 13 7
715069 28 5
715074 27 7
715236 27 9
715596 19 9
715623 17 4
715773 23 11
715868 30 9
715887 26 15
715890 26 15
715956 30 11
715983 27 9
716178 32 16
716370 26 6
716400 28 10
716595 23 8
716778 24 8
716853 21 14
717137 9 4
717182 23 13
717476 20 15
717530 16 7
717713 18 6
717898 20 15
717950 18 9
717953 17 11
718155 13 11
718171 13 12
718212 13 6
718267 9 4
718279 10 4
718480 15 6
718516 22 14
718522 24 12
718594 27 7
718822 17 12
718897 15 5
719037 19 6
719107 21 6
719401 50 22
719437 38 11
719510 35 16
719619 28 9
719859 20 21
719911 35 14
720527 12 12
720540 14 14
720587 12 7
721258 23 17
721789 11 4
721984 32 17
721985 32 16
722024 29 12
722080 18 20
722345 32 12
722381 29 10
722448 19 16
722594 21 15
722618 26 11
722658 19 14
722746 23 8
723253 29 13
723284 25 9
723291 26 7
723320 24 15
723330 21 14
723331 21 15
723343 20 11
723356 23 12
723464 31 10
723592 25 11
723740 16 4
723999 15 5
724119 34 6
724535 20 2
724902 18 8
725539 32 8
725543 30 8
725579 26 6
725585 25 6
725937 26 0
726026 21 8
726162 21 6
726450 28 14
726581 15 12
726849 31 12
727095 29 11
727107 32 12
727329 38 9
727455 26 11
727540 38 14
727902 26 11
728028 22 10
728083 16 7
728084 15 7
728636 38 18
728728 8 6
729243 24 6
729939 20 11
729963 23 12
730686 29 13
730720 24 12
730779 18 7
731013 38 21
732436 18 12
732855 28 19
733838 27 8
734158 22 7
734457 14 12
736155 19 15
736353 41 17
736587 20 15
736740 35 17
736758 28 19
737370 19 8
737571 18 7
737777 27 9
737805 19 4
738098 27 9
738126 24 10
738354 32 17
738993 32 5
739052 26 19
739068 24 14
739185 22 7
739412 28 9
739625 20 18
739959 24 13
740406 21 18
740814 23 9
741117 20 5
741198 26 10
741423 31 9
741984 14 8
742074 24 13
742089 20 7
742175 18 15
742200 26 15
742203 28 11
742353 40 15
742788 22 5
742980 20 22
743014 22 14
743136 23 13
743184 28 16
743190 27 18
743205 24 16
743764 13 14
743918 19 12
744125 13 9
744208 8 3
744417 25 17
744447 19 10
744567 16 9
744886 11 5
744924 27 7
745461 15 9
745465 17 9
745553 21 9
745661 35 10
745672 32 12
745707 28 14
746037 10 6
747359 35 12
747375 31 15
747530 20 9
747878 15 7
747901 23 7
747930 19 7
748237 50 20
748300 34 13
748363 29 15
748417 25 19
748498 32 8
748573 40 15
748732 22 15
748736 19 12
749137 15 13
749274 18 7
749303 20 13
749547 39 21
749674 27 15
749794 18 16
749935 15 6
750223 28 0
750325 22 10
750338 24 21
750486 34 18
750622 27 10
750670 25 14
750836 16 4
750943 20 14
750945 21 12
750989 12 13
751143 14 14
751399 17 9
751825 30 7
751828 31 7
751891 18 10
752104 19 12
752119 17 10
752259 13 8
752260 15 7
752594 24 14
753080 23 15
753526 16 6
753572 25 12
754315 20 11
754318 20 12
754378 13 8
754390 11 6
754652 26 11
754860 18 8
754946 29 8
754979 27 13
755192 29 15
755554 25 9
755891 29 9
755942 24 7
755969 26 10
756138 16 14
756159 17 9
756806 24 20
757021 23 10
757069 27 13
757091 27 10
757132 26 12
757764 24 13
757818 22 14
758083 27 12
758100 29 9
758247 25 20
758415 25 6
758418 26 6
758452 34 15
758456 35 16
758493 32 16
758525 21 16
758596 20 22
758854 24 9
758960 30 14
759016 29 9
759163 21 14
759217 23 11
759269 28 18
759843 28 14
759861 23 21
759873 25 23
759888 29 19
759986 29 8
760015 0 38
760026 23 12
760164 25 9
760200 20 8
760344 8 7
760391 26 13
760397 26 14
760503 22 14
760640 23 18
760653 22 18
760720 24 9
761013 25 14
761051 33 11
761144 28 16
761209 34 13
761213 30 14
761322 24 12
761334 24 12
761395 20 19
761425 18 17
761501 30 11
761601 28 9
761921 17 10
762048 22 16
762110 25 17
762179 27 10
762219 12 2
762442 18 10
762491 6 7
762816 24 9
762845 36 0
762937 24 17
763150 19 10
763198 26 10
763213 19 14
763324 15 13
763411 21 13
763501 19 15
763665 24 12
763741 27 11
764239 21 16
764338 28 13
764388 26 9
764397 25 10
764453 34 16
764480 32 19
764613 29 8
764622 27 8
764780 16 9
764795 25 11
765046 33 11
765565 32 15
765604 44 21
765880 38 21
765919 26 16
765920 25 16
765943 32 14
765970 29 11
765988 29 16
766005 24 15
766038 18 13
766224 18 8
766488 9 4
766774 24 26
767025 42 0
767026 40 0
767242 12 11
767243 13 11
767251 17 10
767368 24 12
767419 16 14
768099 12 11
768576 19 6
768622 4 7
768835 21 9
769192 4 7
769225 15 7
769311 11 6
769887 24 11
770181 37 11
770322 19 12
770363 20 15
770487 18 9
770629 42 12
770841 24 21
770845 24 20
770889 26 20
771717 23 4
772089 33 17
773246 14 5
774095 19 11
774719 25 11
774797 37 13
774848 22 23
775103 19 7
775523 18 14
775536 25 13
777176 19 9
777783 33 15
777813 20 16
777867 24 14
778283 26 19
779221 28 17
779606 33 19
780113 33 23
780549 31 14
780727 28 18
780840 15 8
780980 13 12
782001 28 21
782079 25 7
782203 30 14
782838 25 11
782904 35 16
783054 5 9
783529 11 11
784217 18 11
784819 5 9
785226 21 18
785339 24 13
785349 25 15
786200 17 16
786232 16 18
786287 8 6
786332 15 7
786374 14 11
786551 24 12
786561 29 9
786825 21 17
786990 17 8
787038 11 9
787059 19 12
787305 16 9
787306 16 9
787381 11 4
787509 33 16
787755 18 11
788349 30 21
788474 16 14
788535 27 14
788547 31 19
788600 37 20
788614 31 16
788625 31 15
788637 28 14
788662 27 18
788681 28 17
788814 34 14
788873 26 22
788972 28 7
788986 35 9
789046 29 19
789614 14 12
790026 19 17
790300 15 10
790396 18 9
790483 18 10
790499 21 11
790746 31 21
791004 38 21
791116 55 21
791307 26 7
791349 25 13
791496 31 21
792122 18 10
792202 8 8
792264 13 7
792276 16 11
792416 20 13
792537 34 21
792555 36 14
792570 33 15
792639 19 16
792640 19 16
792643 22 17
792690 20 22
792701 21 15
792736 19 15
792746 14 16
792820 8 8
792825 8 10
792874 17 10
792895 22 5
792971 10 14
793008 17 8
793292 15 14
793334 29 11
793352 20 11
793420 14 13
793517 26 24
793518 27 26
793538 28 26
793554 30 23
793557 26 22
793650 29 18
793680 20 16
793688 17 15
793694 7 13
793795 17 12
793902 12 17
794237 18 8
794426 24 11
794439 21 12
794632 21 9
794637 22 10
795035 15 12
795311 11 8
795547 18 6
795918 19 14
795939 15 14
795998 16 8
796024 15 11
796041 15 12
796073 18 14
796092 19 11
796131 14 12
796412 24 16
796438 18 17
796573 17 25
796620 20 18
796702 18 17
796777 19 15
796781 19 12
796813 23 12
797022 6 11
797626 23 22
797756 21 10
797944 19 20
797989 19 10
797995 18 10
798013 19 9
798049 17 11
798120 16 11
798280 25 18
798475 21 13
798537 17 15
798682 26 18
798841 27 19
799084 29 11
799106 27 8
799109 27 9
799246 38 16
799387 29 20
799489 21 22
799627 15 6
799692 16 8
799946 14 10
800194 18 12
800239 30 12
800494 17 10
800644 24 14
800671 25 5
800854 23 13
801095 20 8
801106 20 10
801183 18 14
801256 12 13
801530 22 18
801971 33 19
802065 29 21
802286 18 10
802667 15 13
802766 26 14
803012 24 19
803021 27 21
803025 31 23
803069 41 36
803174 21 21
803214 19 30
803429 27 19
803491 23 13
803545 22 14
803735 28 22
803753 27 23
803772 29 19
803774 30 18
803832 23 23
803864 30 31
804053 28 19
804203 24 18
804367 31 22
804611 15 16
804682 31 13
804893 33 24
804977 23 24
805189 10 19
805436 29 11
805451 22 11
805553 20 14
805709 12 12
805895 23 12
805969 33 13
806178 35 19
806727 19 20
806742 24 25
807003 16 17
807073 17 13
807119 16 13
807137 15 9
807150 12 7
807177 16 8
807182 13 9
807249 16 10
807280 18 14
807360 15 8
807454 8 9
807495 18 12
807507 16 16
807560 21 14
807602 23 18
807707 13 12
807736 20 16
807750 21 11
807794 15 15
807812 14 13
807828 14 19
807869 19 10
808045 12 12
808082 23 14
808097 18 17
808188 27 14
808208 23 14
808278 13 7
808433 17 14
808451 10 11
808467 8 12
808556 24 11
808606 13 23
808622 16 16
808678 26 15
808707 28 14
808733 25 16
808840 20 22
808891 24 13
808949 31 17
809004 28 24
809042 25 21
809079 19 19
809081 21 18
809129 24 20
809131 22 21
809136 25 20
809332 20 18
809342 19 16
809433 25 14
809475 16 11
809476 15 10
809768 13 15
809988 25 13
810046 21 20
810051 27 22
810175 30 24
810265 20 26
810332 27 15
810422 31 24
810442 26 23
810673 21 11
810701 19 16
810736 24 13
810793 36 10
810820 21 17
810829 17 20
811063 21 18
811112 22 15
811300 19 9
811333 22 20
811384 25 15
811432 23 18
811470 33 20
811471 33 19
811501 19 17
811639 23 17
811648 23 13
811660 20 13
811669 17 11
811672 18 14
811756 19 14
811796 23 18
811801 22 16
811885 28 13
811913 14 11
812218 10 5
812854 25 12
812989 27 8
813235 19 14
813349 29 16
813652 24 18
813775 22 11
813811 9 8
814016 18 23
814255 14 24
814336 27 19
814363 35 16
814366 33 15
814585 17 15
814657 31 21
815092 27 19
815107 27 18
815116 25 21
815221 19 17
815323 32 15
815356 20 20
815364 19 16
815525 18 15
815553 17 20
815762 14 11
815768 12 9
815783 10 11
815939 11 12
815986 10 8
815994 17 8
816027 22 17
816048 20 21
816057 20 22
816067 17 23
816161 14 12
816235 21 18
816278 19 12
816284 23 13
816322 21 24
816398 20 14
816419 19 15
816602 21 11
816647 23 17
816719 24 19
816917 19 16
816965 29 20
816977 28 17
817043 10 14
817115 22 9
817182 21 18
817185 20 19
817278 23 12
817344 20 23
817375 19 17
817462 27 20
817524 14 18
817586 19 18
817683 25 18
817709 16 11
817754 9 5
817813 9 10
817906 13 13
817972 12 10
817997 7 8
818003 6 8
818017 11 8
818018 11 8
818040 12 11
818045 14 10
818533 21 12
818541 16 14
818561 9 13
818575 8 12
818581 9 10
818587 11 10
818696 25 14
818716 21 11
818995 12 9
818996 12 8
819078 12 10
819098 22 12
819281 23 15
819554 19 14
819578 13 12
819610 16 9
819642 21 11
819680 9 17
819712 16 14
819719 19 16
819741 15 15
820285 13 13
820296 15 13
820504 8 18
820614 32 14
820635 20 12
820803 15 17
820872 32 10
820889 28 14
821079 25 13
821127 25 17
821268 22 11
821271 22 10
821361 24 8
821460 24 27
821517 12 12
821541 10 15
821844 19 12
821895 26 20
822212 10 8
822303 18 13
822378 13 17
822429 18 16
822538 24 15
822607 12 8
822647 21 10
822749 19 12
822767 20 16
822797 8 12
822846 19 17
822852 15 14
822902 10 15
823020 23 23
823027 17 23
823119 11 7
823215 20 17
823242 17 11
823318 8 11
823323 9 10
823336 14 9
823765 26 13
823908 18 15
824006 24 22
824189 23 12
824210 23 14
824231 24 21
824359 22 22
824404 18 14
824597 20 20
824975 27 23
825427 20 20
825455 13 9
825659 15 14
825692 35 22
826151 25 20
826452 17 9
826672 10 13
827779 34 21
827899 17 27
828216 24 26
828242 28 22
828576 16 15
828620 26 11
828752 27 17
828901 59 0
829033 27 18
829267 29 36
829484 12 15
829511 17 14
829634 27 21
829691 30 23
829706 26 27
829805 33 32
829808 36 31
829915 29 24
830369 22 25
830376 21 26
830505 26 14
830506 26 15
830518 28 16
830530 30 18
830673 11 13
830676 12 14
830687 16 16
830719 16 12
830729 18 13
830789 21 15
830819 22 25
830943 19 14
830952 17 13
830979 13 11
831239 11 9
831425 17 13
831668 8 7
831731 17 10
831791 27 8
831803 25 8
832052 24 27
832182 32 14
832279 17 12
832832 17 16
833258 20 17
833324 30 22
833444 17 10
833498 15 18
833645 14 14
833772 17 14
833857 17 11
833863 18 11
833888 15 18
833928 21 14
833981 18 6
834029 21 14
834051 15 17
834073 14 15
834106 19 9
834109 21 8
834215 15 7
834279 17 7
834284 18 6
834385 16 13
834414 27 10
834550 29 18
834724 28 28
835057 22 22
835108 18 12
835255 25 14
835275 24 19
835391 17 8
835398 17 8
835410 16 12
835459 21 18
835493 34 19
835687 26 14
835690 24 14
835789 32 12
835798 27 10
836318 13 14
836319 14 13
837116 30 28
837458 9 10
837469 5 8
837480 7 7
837593 18 20
837917 14 5
839566 41 19
839571 38 15
839652 34 23
839720 31 14
839781 33 19
840215 21 18
840285 28 8
840312 16 9
840575 19 17
840603 19 17
840680 21 15
840837 19 26
841071 22 12
841352 35 23
841665 9 12
842366 12 9
842399 18 15
842768 29 15
842953 16 16
843390 23 21
843398 21 23
843683 29 17
844036 21 18
844189 15 8
844291 11 15
844423 26 23
844639 26 19
845434 21 21
846069 5 7
846077 6 8
846310 19 16
846352 19 12
846634 18 17
846810 25 12
847186 14 10
847701 31 16
847955 7 11
847970 12 12
848106 26 13
848193 24 18
848441 30 20
848717 23 18
848840 20 11
848906 12 12
849015 28 23
849158 19 14
849242 9 7
849443 19 14
849489 30 22
849513 37 26
849603 13 9
849608 16 9
850040 16 18
850145 25 15
850370 17 16
850556 23 17
850895 34 24
850955 19 16
851087 31 22
851168 21 20
851229 22 9
851510 19 16
851585 11 14
851758 29 9
851967 20 12
852005 19 16
852272 11 6
852841 15 8
853101 22 6
853995 13 16
854276 32 17
854471 25 11
854759 12 9
854831 15 17
855016 20 6
855073 21 12
855142 17 14
855152 21 15
855356 21 20
855389 20 12
855419 22 9
855462 17 11
855540 31 8
855575 27 14
855693 12 15
855716 12 9
855770 8 10
855911 20 17
855988 23 13
856040 17 14
856397 19 12
856998 21 6
857017 24 5
857424 16 7
857475 20 9
857628 19 21
857743 18 10
857847 19 8
858371 27 13
858603 13 18
858633 26 21
858800 29 20
858992 16 13
859241 16 19
859349 12 11
859353 15 10
859417 12 16
859628 33 10
860029 23 11
860036 17 10
860131 28 10
860209 24 15
860957 30 14
861300 16 11
861673 14 6
861839 14 14
862013 17 10
862235 28 22
862410 27 16
862517 27 10
862718 25 21
863686 20 21
863918 22 19
864157 23 20
864289 17 15
864556 20 18
864604 26 9
864721 8 2
864766 17 11
864997 25 21
865084 26 24
865453 14 13
865555 18 19
865734 25 26
865825 20 16
865846 19 22
866080 27 10
866116 21 22
866254 13 14
866284 12 10
866557 15 11
866959 15 8
867116 10 7
867395 23 23
868517 14 11
868616 10 5
868665 20 5
868735 11 3
869188 23 9
869306 36 16
869347 27 29
869368 31 23
870165 14 22
870211 24 7
870631 30 25
870643 31 26
870991 20 16
871061 20 34
871150 33 26
871482 21 15
871502 20 16
871644 25 25
871823 28 16
871996 28 19
871997 29 20
872035 26 19
872178 37 26
872399 20 18
872447 24 18
872450 23 16
872705 18 17
873153 17 19
873298 32 23
873723 17 6
873748 24 15
873870 29 19
874245 17 27
874257 26 27
874341 33 28
874371 25 24
874377 28 24
874395 36 26
874425 29 26
874431 28 27
874452 34 26
874713 25 21
874810 22 8
875064 28 20
875361 24 23
875553 11 7
875600 17 7
876118 25 14
876712 29 14
877591 17 25
877604 16 27
877605 19 25
877623 21 26
877645 22 28
877734 28 24
877737 29 24
877942 27 16
877965 28 12
878007 32 14
878237 26 19
878841 22 10
878874 23 13
879384 34 23
879755 18 11
879952 24 15
880034 19 20
880250 32 24
880275 29 25
880318 16 24
880936 13 16
881540 9 14
881579 18 13
881640 19 7
881641 18 6
881644 17 6
881788 16 22
881896 13 7
882084 17 12
882429 22 16
882522 27 7
882900 25 15
882975 30 16
883248 33 18
883428 34 21
883498 33 16
884517 21 20
884620 23 19
884655 21 15
884837 29 22
884975 24 14
885145 9 12
885189 12 7
885215 14 11
885247 14 13
885267 9 16
885302 27 13
885400 21 26
885457 19 16
885489 18 18
885523 17 19
885535 18 24
885676 27 22
885744 20 20
885952 21 21
886356 18 21
886588 25 18
886648 19 12
886771 25 24
886837 26 13
886843 28 15
886880 20 16
886901 19 21
887066 23 16
887299 18 11
887305 17 11
887671 18 26
888136 22 17
888181 23 14
888201 26 14
888259 16 11
888361 30 21
888652 10 8
888675 12 9
888874 12 6
889105 27 20
889288 36 21
889360 26 25
889387 28 22
889414 26 20
889426 32 20
889749 26 12
890157 26 16
890223 16 16
890350 17 11
890547 14 11
890590 21 19
891002 27 17
891196 18 6
891298 35 29
891319 36 29
891322 37 26
891451 15 16
891874 32 14
891880 31 14
892171 32 15
892382 27 20
892435 26 13
892505 21 10
892507 21 13
893139 26 19
893371 33 20
893381 38 21
893395 36 19
893417 26 14
893439 28 12
893452 24 18
893463 25 20
893650 23 18
893935 29 13
894076 17 16
894103 22 14
894451 19 23
894612 16 14
894679 31 11
894790 26 21
894952 21 19
895060 22 15
895450 24 18
896143 23 14
896196 16 19
896922 23 21
897688 15 15
898043 27 21
898118 15 16
898208 20 15
898211 20 15
898519 22 17
899064 21 14
899118 16 10
899302 21 11
899461 18 9
899579 18 19
899678 40 17
899793 11 14
899834 22 11
899897 17 14
899954 29 9
899978 28 16
900279 11 21
900300 16 17
900811 33 30
900884 32 38
901178 17 19
901472 14 14
901808 18 10
901825 25 14
902329 18 14
902590 26 25
902615 13 16
902760 16 10
902947 27 13
903126 28 22
903719 19 20
903721 19 19
903956 27 26
904001 40 29
904238 29 18
904436 16 11
904579 7 7
904695 17 17
904914 16 20
905507 9 20
905605 27 15
905671 15 9
905690 11 10
905770 22 6
905886 27 22
906335 12 21
906430 20 19
907051 14 7
907075 13 18
907909 33 12
908026 21 19
908777 14 11
908929 28 20
909230 22 19
909327 32 15
909985 22 15
910019 14 10
910291 16 12
910430 22 16
910516 23 18
910660 25 13
910889 19 14
911257 21 11
911386 16 9
911500 27 22
911509 27 20
912350 18 10
912363 15 5
912463 15 2
912537 17 10
912717 26 22
912981 23 23
912999 31 13
913065 19 15
913218 33 13
913341 20 17
913430 16 14
913683 31 19
913702 25 25
913800 33 30
913905 23 11
913947 28 17
914085 20 21
914384 21 13
914427 19 21
914958 16 5
914979 19 8
915109 11 13
915460 36 14
916325 26 12
916337 24 16
917165 19 14
917304 26 12
917405 19 13
917417 19 8
917648 19 15
917690 23 20
917723 21 24
918047 31 20
918215 24 25
918510 26 17
918569 29 17
918823 23 16
919080 18 15
919180 12 14
919220 14 8
919260 16 2
919423 11 9
919643 25 20
919647 27 18
919733 19 15
920188 30 18
920405 27 19
920444 31 25
920483 28 12
920501 19 18
920528 20 15
920773 16 17
920945 16 16
921052 19 22
921080 23 17
921315 20 21
921403 28 17
921419 26 23
921442 30 19
922091 27 16
922241 26 21
922516 17 16
922594 31 18
922881 25 17
923233 24 14
923247 22 17
923569 18 14
923658 22 23
923884 13 16
924127 40 12
924244 16 9
924334 22 17
924463 15 18
924491 15 13
924555 23 7
924906 31 17
925034 26 12
925354 16 11
925461 14 9
925663 16 9
925786 8 12
925838 24 12
925969 18 24
926439 19 19
926621 31 15
926812 26 13
926834 28 8
927422 29 19
927452 32 11
927497 22 14
927636 8 18
927912 16 14
928156 11 12
928302 5 8
928328 4 9
928624 8 13
930726 16 10
932582 19 15
933518 22 14
934431 29 17
934835 29 19
935514 19 16
936127 0 50
936340 20 15
937852 18 28
938131 48 29
939250 25 23
940190 0 43
940923 28 18
947534 24 16
948609 7 9
949485 17 17
950713 28 18
950784 23 21
950789 20 18
951028 17 16
951084 7 14
951520 20 24
951536 26 33
951625 29 18
952183 25 20
952258 23 29
952342 21 24
952465 24 12
952971 22 17
952990 22 15
953055 29 26
953262 5 4
953326 14 8
953601 26 18
953880 25 27
954045 22 13
954163 16 8
954224 13 22
954455 23 19
954605 27 19
954654 43 23
954823 27 11
954893 20 21
955164 26 21
955725 22 16
955761 21 16
955818 19 13
956166 18 20
956367 18 22
956532 19 12
956539 23 11
956541 22 12
956589 12 17
956829 25 10
957057 24 13
957060 22 15
957111 18 22
957506 13 16
958005 16 15
958249 16 17
958330 11 14
958366 8 17
958381 11 13
958474 25 18
958586 37 21
958619 26 18
959014 22 16
959095 22 19
959186 20 17
959542 18 22
959623 18 20
959675 16 11
959683 15 10
959698 19 8
959830 11 22
960041 16 7
960127 10 18
960137 9 21
960154 15 15
960224 20 16
960250 14 11
960472 29 20
960992 20 18
960995 22 16
961192 15 12
961231 20 15
961459 20 13
961561 19 19
961651 19 16
961663 25 19
961672 24 20
961684 26 21
961727 23 14
961957 11 13
961970 15 13
962185 20 13
962679 14 6
962713 13 8
963086 22 24
963156 22 21
963360 17 8
963388 11 8
963465 14 11
963575 19 12
963615 24 9
963803 19 16
963924 19 24
964050 23 19
964074 28 17
964128 17 19
964446 22 9
964499 19 9
964503 19 8
964587 21 19
964947 15 13
964992 16 20
965043 21 13
965211 24 12
965229 20 10
965290 17 8
965338 24 16
965344 23 13
965437 24 17
965654 26 9
966007 35 18
966213 25 21
966837 33 22
967071 11 11
967264 23 7
967298 17 13
967620 17 16
968699 16 10
968898 30 12
969876 24 29
970284 25 16
971369 36 16
972983 13 14
976118 7 7
982982 33 17
983186 15 15
985079 23 18
986291 26 9
986342 18 23
986363 12 14
986465 9 13
986650 18 17
986994 20 13
986995 19 13
987371 23 21
987604 21 20
987803 34 23
987902 24 20
987938 17 13
987977 24 15
987995 18 20
988460 15 14
988491 15 9
989074 20 14
989104 20 14
989606 29 19
989824 22 20
989827 21 20
990543 8 10
990754 18 17
990844 20 20
990871 25 17
990916 37 27
990937 31 25
991069 22 29
992597 33 18
993385 6 10
994566 1 32
994619 0 37
994740 12 16
1000555 22 19
1001655 23 17
1005019 26 13
1006038 12 10
1006146 12 12
1006706 13 22
1006855 21 30
1006973 21 18
1007065 17 12
1007080 14 9
1007198 17 14
1007609 17 19
1007690 20 19
1007747 18 19
1008638 11 16
1008700 19 19
1008782 14 16
1009474 14 14
1010867 19 20
1010930 17 17
1011165 21 19
1011166 23 19
1011436 16 10
1011650 16 27
1012058 36 26
1012568 33 27
1012745 44 36
1012803 19 21
1013588 29 33
1013782 14 15
1014013 28 24
1014328 16 22
1014915 22 28
1014972 24 32
1014988 20 21
1015104 25 20
1015539 14 9
1015743 26 17
1016095 19 15
1016181 18 24
1016920 16 12
1016929 13 14
1016967 10 10
1016978 12 10
1016998 11 15
1017004 10 14
1017048 12 16
1017077 11 20
1017332 16 9
1017449 25 11
1017592 27 21
1017714 15 9
1019195 19 7
1019280 12 22
1019332 9 25
1019353 10 16
1019761 19 15
1019821 22 20
1020072 18 15
1020114 23 19
1020115 24 19
1020138 20 14
1020157 14 15
1020172 16 15
1020241 14 9
1020313 11 4
1020316 13 5
1020433 23 18
1020601 15 14
1020987 18 5
1021222 22 21
1021286 16 16
1021401 26 25
1021440 15 17
1021459 16 14
1021460 16 14
1021467 19 15
1021489 19 14
1021573 20 12
1021576 21 11
1021735 21 27
1021804 17 15
1022204 23 18
1022286 20 10
1022325 11 12
1022507 28 16
1022566 22 21
1022891 33 26
1022929 25 26
1023097 19 18
1023316 20 8
1023409 16 22
1023540 32 28
1023796 23 15
1023819 19 22
1024012 8 6
1024013 9 5
1024164 21 16
1024249 13 19
1024261 10 14
1024505 17 14
1024743 26 18
1024889 16 15
1024976 12 9
1025141 11 15
1025145 13 16
1025148 14 17
1025219 25 22
1025416 18 15
1025698 27 22
1025729 23 18
1025749 13 21
1025797 19 14
1026004 17 11
1026099 14 15
1026201 17 20
1026204 21 21
1026239 23 20
1026334 13 14
1026519 12 11
1026523 12 10
1026577 14 10
1026861 14 19
1026876 12 12
1026885 12 11
1027473 27 19
1027479 31 21
1027551 32 19
1027569 31 21
1027611 17 27
1027713 16 19
1028129 15 19
1028151 12 19
1028301 27 21
1028476 18 10
1028518 16 19
1028678 27 21
1028679 26 22
1029023 5 16
1029048 4 17
1030085 15 17
1030195 10 20
1030234 17 14
1030572 15 10
1030575 14 10
1030599 17 9
1030603 16 9
1030609 14 11
1031513 30 16
1031566 29 12
1031684 28 21
1032011 16 11
1032045 5 2
1032233 17 12
1032439 37 34
1032803 27 14
1032817 27 14
1032853 19 12
1032865 19 6
1033414 26 16
1033759 21 20
1033891 10 19
1034023 10 16
1034069 8 22
1034194 19 15
1034260 21 21
1034320 14 8
1034680 28 20
1034749 28 22
1035224 26 21
1035692 21 13
1035751 13 15
1036108 17 16
1036319 16 18
1036564 23 21
1036848 17 25
1037309 16 19
1037705 22 15
1038196 14 10
1038357 15 13
1038541 22 16
1038945 18 12
1039153 10 12
1039432 39 0
1039501 22 14
1039694 25 20
1039759 26 26
1040059 17 10
1040068 22 13
1040314 20 25
1040527 19 26
1040782 22 16
1041067 18 9
1041898 14 11
1042076 15 16
1042082 13 15
1042129 13 13
1042299 15 12
1042378 16 15
1042436 22 16
1042444 19 16
1042670 13 14
1043086 17 8
1043154 15 11
1043281 18 10
1043663 10 12
1043697 14 18
1043698 15 17
1044156 15 18
1044363 22 16
1044651 15 8
1044765 25 15
1044835 12 10
1045326 14 11
1045356 23 11
1045401 9 12
1045486 19 14
1045639 18 20
1045776 14 15
1048926 35 29
1050097 24 21
1050447 12 20
1051113 25 13
1051440 9 18
1051791 15 13
1051801 13 13
1051803 14 13
1052018 11 12
1052163 22 24
1052188 16 15
1052273 17 14
1052341 10 11
1052378 17 19
1052497 5 15
1052560 20 15
1052592 24 18
1052605 30 23
1052615 27 24
1052621 24 22
1052676 24 17
1052685 25 16
1052742 9 10
1052772 19 11
1052825 18 15
1052838 24 14
1052952 15 20
1052993 24 14
1053089 19 14
1053364 11 9
1053413 12 15
1053475 8 21
1053514 14 9
1053838 11 16
1054276 16 11
1054308 9 11
1054309 7 11
1054387 16 17
1054919 14 9
1055111 24 19
1055148 19 17
1055155 19 16
1055172 18 17
1055414 22 20
1055551 1 8
1055652 11 9
1055714 14 8
1055727 15 7
1055947 18 15
1056102 21 12
1056259 13 13
1056562 14 16
1056566 16 17
1056757 22 23
1056897 30 17
1057010 11 17
1057044 10 7
1057220 20 11
1057415 30 15
1057693 32 15
1057756 18 18
1057867 13 10
1057930 18 10
1058604 10 10
1058896 17 10
1059049 7 11
1059051 8 10
1059173 14 17
1059200 20 11
