11 7 0
12 5 2
18698 38 50
19079 38 37
19190 37 34
19235 28 41
19418 45 18
19592 42 47
19607 37 53
19787 25 29
19818 30 26
19831 31 31
19876 38 24
19888 35 22
19909 27 19
20002 22 35
20018 28 30
20040 30 32
20156 27 33
20162 27 30
20199 27 37
20227 28 43
20234 25 44
20240 27 39
20300 42 40
20343 39 28
20365 37 25
20401 33 43
20422 34 48
20451 30 33
20601 17 39
20618 34 34
20629 40 32
20685 25 31
20944 19 18
21052 36 26
21251 35 34
21383 37 37
21404 33 43
21406 32 43
21692 28 47
21829 28 36
21836 35 33
21868 43 30
21956 40 43
21958 35 42
22018 32 41
22027 33 35
22048 43 39
22073 46 34
22077 45 34
22082 41 35
22200 49 32
22394 38 23
22435 31 36
22436 31 36
22442 33 38
22490 34 28
22508 32 27
22571 35 24
22602 41 33
22641 42 36
22752 43 52
22901 37 39
23029 37 47
23061 31 41
23158 26 29
23227 29 41
23567 42 25
23819 32 40
23825 31 42
23844 40 53
23845 40 54
23859 49 61
23980 37 41
24050 52 50
24178 48 31
24245 34 40
24278 38 41
24314 38 45
24322 35 41
24383 43 42
24590 37 50
24680 44 38
24734 35 31
24889 39 30
24892 45 28
24925 49 29
24947 38 40
25142 42 41
25332 13 16
25448 31 35
25492 49 39
25498 48 36
25544 20 31
25639 25 34
25816 34 39
25932 34 42
26175 36 33
26193 41 39
26361 50 34
26816 23 37
26921 31 33
27766 35 43
28083 33 31
28175 39 47
28251 46 48
28348 32 33
28430 27 44
28486 34 29
28675 20 33
28712 38 31
28823 31 27
28844 41 32
28867 47 32
29084 42 27
29136 38 41
29159 38 32
29413 30 42
29436 30 36
29439 29 36
29611 50 36
29772 34 33
29780 35 33
29947 39 36
29948 37 34
30011 34 29
30086 37 33
30100 0 57
30326 28 29
30767 40 31
30929 30 38
31127 49 45
31220 31 34
31550 20 29
31898 15 14
32579 31 27
33110 35 31
35977 32 39
36309 39 42
36660 25 26
37550 29 36
40117 42 44
45079 0 92
48831 20 32
49829 33 41
50190 46 37
52685 28 30
53267 36 40
55031 37 36
56779 26 29
61316 25 24
62372 30 41
63614 30 45
63673 21 30
63857 48 24
63862 46 30
65439 34 31
65515 23 41
65693 28 53
65726 37 47
65833 37 33
65839 39 34
65890 41 48
65990 36 44
66336 41 51
66593 26 45
66712 25 34
66944 34 42
67067 30 43
67245 29 34
67352 30 38
67365 31 34
67366 33 33
67724 32 27
68069 36 45
68251 35 42
68366 29 33
68371 26 32
68669 44 46
69004 28 48
69394 35 35
70017 32 41
70042 27 42
70122 35 35
70242 39 42
70539 8 26
71061 29 33
71639 36 36
71720 39 54
72985 29 37
73288 44 45
73364 37 36
73715 44 51
73828 38 38
74639 23 37
74870 28 39
75084 24 40
75901 24 35
75929 27 39
76055 34 44
76542 33 35
76601 23 25
76838 33 33
76840 34 33
76923 36 23
77022 32 26
77137 23 27
77218 38 47
77518 27 47
77741 38 32
78274 30 37
78392 40 50
79334 36 50
79796 42 46
79985 31 34
80021 43 36
80087 17 22
80878 34 43
81094 37 33
81238 29 36
82031 31 37
82169 31 48
82286 42 44
82319 30 39
82755 35 36
82777 32 34
82790 35 46
82944 30 46
83006 32 42
84449 25 31
84453 26 31
84502 24 29
84881 33 42
85268 34 50
85383 29 42
85630 32 38
86367 38 51
86677 26 32
86879 21 28
86976 24 37
87078 35 33
87284 14 25
87338 27 34
87685 41 47
88051 45 58
88067 41 55
88296 20 28
88420 23 32
88450 26 47
88701 27 38
88890 34 43
89130 37 53
89772 34 40
89862 25 42
90627 37 30
91610 28 30
91627 25 29
91949 29 44
91965 26 39
92360 9 11
92364 9 10
92526 42 46
92531 40 48
92533 38 44
92876 31 38
93017 17 31
93071 36 33
93100 36 31
93140 37 43
93159 31 29
93312 23 37
93339 37 39
93358 38 42
93486 43 47
93652 25 44
93660 21 42
93812 21 40
93952 33 40
94029 34 54
94030 35 54
94042 41 52
94170 36 45
94498 28 46
94520 31 54
94564 26 42
94615 23 27
94648 21 27
94679 22 43
95186 19 23
95354 18 16
95608 25 41
95639 32 40
95819 26 34
97427 31 40
97557 14 23
97597 32 30
97652 27 45
97826 31 52
98054 41 46
98258 40 47
98307 42 43
98469 34 43
98653 26 45
98694 39 51
99132 24 40
99255 38 54
99537 24 46
99665 27 50
100124 36 42
100148 38 46
100255 29 40
100680 23 44
101262 34 44
101727 34 45
101963 24 29
102247 26 40
102369 28 45
102469 39 47
103350 27 37
103522 38 31
103582 37 57
103612 44 50
103804 33 51
103884 38 49
103916 38 52
104466 37 48
104635 28 43
104677 36 50
107404 31 49
108686 25 38
108811 39 51
109031 29 41
109071 29 40
109153 27 40
109242 24 55
109355 32 51
109363 28 37
109398 33 37
109401 33 36
109425 30 31
109506 24 23
109575 33 42
109705 35 37
109727 36 51
109734 31 47
109763 23 42
109884 28 37
110062 34 50
110461 33 49
110707 35 38
110805 27 52
110986 28 49
111244 32 64
111421 28 39
111436 28 43
111824 24 34
111930 24 55
111938 25 59
111939 25 59
111991 22 48
112026 20 49
112137 23 45
112238 22 44
112276 37 51
112354 26 40
112356 26 40
112544 32 53
112687 33 51
112700 39 50
112730 45 44
113020 13 45
113066 19 41
113142 27 38
113143 25 39
113250 25 47
113365 27 43
113449 30 46
113492 37 45
113562 30 56
113658 30 43
113671 34 41
113756 25 48
113830 22 29
113901 29 38
114077 30 36
114212 26 58
114240 25 33
114309 17 41
114328 21 40
114527 22 43
114557 31 36
114647 20 32
114648 19 33
114657 17 42
114722 27 48
114770 29 35
114856 28 43
114986 26 52
115037 29 45
115045 26 41
115106 24 55
115269 22 44
115376 18 41
115398 22 49
115467 26 37
115484 19 31
115510 21 33
115583 20 56
115715 18 34
115806 27 32
115938 23 35
115946 23 34
116126 26 38
116312 32 48
116335 20 44
116400 17 40
116495 31 47
116522 22 32
116678 36 51
116684 37 57
116822 17 42
116978 29 42
117389 20 34
117458 30 50
117479 30 53
117482 29 51
117530 20 49
117786 26 35
117854 12 31
117950 20 43
118320 19 17
118335 21 36
118484 25 51
118638 23 55
119289 30 41
119328 22 47
120185 29 48
120193 0 77
120214 29 41
120548 33 43
120590 31 51
121204 19 34
121490 29 59
121535 27 50
121565 23 49
121809 19 43
121817 21 44
122008 1 19
122096 29 48
122136 24 42
122138 25 43
122338 27 34
122351 27 41
122928 20 44
124011 26 40
124293 38 40
124419 27 57
124640 19 52
125126 26 48
125847 31 53
126012 38 57
126201 27 51
126662 27 55
126689 23 45
126720 31 52
126767 26 41
126932 28 47
127004 29 59
127217 25 51
127232 23 50
127476 12 41
127485 16 43
127529 24 62
128381 16 57
129088 15 27
129762 26 53
130207 21 46
130727 32 66
131338 29 61
132608 19 52
133121 19 48
133676 22 53
134349 22 42
134765 22 60
135029 24 63
135853 22 49
136206 26 50
136287 17 75
136525 20 40
136963 0 58
136969 0 61
136970 0 61
138122 22 45
138151 17 56
138152 18 59
140995 22 63
141133 22 47
141388 19 46
141898 15 56
144377 11 42
144479 24 55
144820 19 56
145065 22 47
145778 25 68
148229 22 60
151306 15 42
151451 21 59
152079 19 50
152311 12 46
152569 17 59
152801 20 70
153155 14 47
155278 28 49
159669 16 58
160952 16 44
163449 14 46
165467 14 38
170544 20 59
173890 20 59
177776 13 73
179900 10 53
180327 8 65
180412 19 83
183088 7 75
184114 10 61
184953 8 42
185061 60 0
186043 8 64
187694 20 76
188708 5 39
189520 13 67
190353 11 45
191192 7 81
192415 72 0
192536 16 46
193482 66 0
194277 11 48
194407 12 58
194466 14 79
195525 7 40
196147 8 87
196695 6 56
196845 3 41
196849 4 49
196991 8 65
197186 6 65
197459 9 96
198637 5 55
198638 5 56
199043 8 74
199813 4 75
200350 8 55
200465 7 77
203413 11 71
207339 7 77
207362 2 73
210539 4 55
210685 7 81
210770 63 0
212855 6 59
213996 6 53
221190 7 52
223258 5 69
224908 3 57
226560 10 61
228374 13 64
228807 4 28
229358 11 81
231281 8 63
231283 9 65
234144 10 52
234177 6 55
234378 6 64
234472 8 56
234505 8 61
234548 9 48
234694 7 56
234767 4 42
234822 12 64
234824 11 61
234859 12 75
235332 19 76
235352 12 71
235798 5 67
235891 9 65
235940 9 47
236188 14 61
236237 11 63
236611 4 54
236638 12 60
236662 20 62
237080 12 65
237225 9 41
237608 12 56
237728 13 43
237814 7 74
237951 11 42
237982 8 32
238074 15 61
238148 9 57
238192 4 59
238301 7 54
238303 7 57
238370 15 47
238466 20 61
238667 16 64
238727 12 48
238758 10 60
238919 13 45
238970 9 41
239098 7 59
239575 16 87
239804 5 51
239896 12 54
240031 10 64
240159 8 63
240627 13 67
240793 16 53
241160 16 67
241422 7 60
241720 9 61
241757 15 57
241859 5 55
241905 9 48
242101 13 64
242983 11 67
243426 4 43
243795 11 35
243937 13 56
244131 8 57
244156 10 68
244378 9 57
244405 15 58
244615 9 55
244672 15 55
244708 23 58
244993 9 58
245473 10 55
245489 4 49
245635 14 57
245789 10 46
245823 9 69
246098 13 50
246274 5 42
246315 6 56
246480 5 65
246534 20 58
246582 11 74
246698 14 70
246798 11 74
246804 10 71
246852 9 45
246916 13 58
247009 15 56
247140 11 68
247320 12 64
247374 14 71
247377 14 68
247393 20 73
247449 11 61
247740 16 76
247888 11 77
247896 14 77
247920 14 70
247930 13 68
247958 12 58
248269 7 49
248314 14 63
248559 9 45
248615 13 68
248656 13 50
248752 11 67
249052 6 69
249539 8 62
249558 9 53
249601 13 71
249616 13 68
249635 11 52
249640 10 56
249723 22 72
249743 13 64
249899 8 68
250337 11 61
250359 13 65
250412 17 56
250583 19 74
250588 16 78
250697 16 47
250711 18 57
250891 11 40
250979 13 43
251134 11 43
251868 16 61
252448 12 56
252615 18 63
252766 7 24
252808 10 81
252815 11 81
253274 10 43
253770 10 64
253806 12 56
254014 16 64
254321 11 58
254691 19 74
254994 10 59
255134 15 55
255736 11 67
255899 14 56
256166 14 37
256202 18 56
256217 20 48
256226 19 45
256392 14 61
256508 6 38
256525 6 51
256528 6 53
256592 13 46
256650 23 72
256727 8 69
256737 8 61
256826 13 46
257091 14 63
257200 14 74
257316 10 73
257334 12 61
257366 16 70
257504 20 67
257654 15 50
257917 10 30
258268 22 64
258652 13 62
258928 17 49
259051 27 59
259210 17 71
259471 11 39
259762 5 63
259766 5 65
260002 19 55
260116 19 65
260197 19 50
260496 13 65
260852 11 54
261030 28 65
261053 21 68
261101 19 64
262367 20 58
262552 22 72
262607 17 71
262933 17 48
262942 15 48
263103 9 54
263142 22 49
263151 19 51
263230 19 46
263279 21 50
263502 25 52
264597 15 52
264903 23 57
264939 15 48
265134 11 66
265286 22 53
265316 19 33
265971 23 52
266094 8 50
266148 14 50
266577 21 51
266628 15 30
266631 14 28
266739 17 74
266889 18 47
266895 23 48
266899 25 47
266966 14 58
266973 13 54
267357 15 46
267477 14 55
268559 19 39
268599 12 48
268605 11 52
268836 14 32
269037 8 48
269053 13 55
269058 17 52
269215 18 40
269349 27 57
269358 28 65
269565 25 43
270839 21 38
270995 16 62
271759 24 74
271885 22 58
271960 22 51
272263 14 53
272455 19 51
272497 30 81
272572 16 50
272710 17 49
272974 20 58
273019 12 66
273481 24 73
273722 22 51
273894 24 57
274027 12 32
274041 8 19
274160 24 42
274162 24 41
274243 21 59
274580 16 51
275113 22 51
275215 32 42
275287 5 23
275969 20 44
276049 21 47
276224 23 45
276235 19 44
276391 13 39
276631 19 43
276713 22 50
276795 19 49
276838 16 41
276974 17 60
277307 15 58
277526 18 57
277541 18 50
277574 13 51
277604 20 52
277652 20 62
278461 23 52
278475 30 53
278491 25 58
278546 25 58
278633 0 89
278707 1 76
278709 0 77
278715 0 83
278984 0 73
278999 0 79
279188 26 54
279218 19 66
279224 21 67
279239 24 65
279272 23 50
279352 16 51
279488 24 48
279746 20 56
279975 17 51
280198 17 58
280340 13 48
280412 25 54
280717 24 48
281178 30 53
281289 24 47
281400 22 53
281460 10 35
281896 21 52
282094 21 65
282215 28 51
282385 29 47
282399 22 41
282495 20 50
282505 15 56
282741 21 38
282769 20 48
283638 14 26
283645 13 23
283710 8 31
283746 16 51
283794 19 47
284108 18 66
284270 13 53
284594 16 50
284627 24 49
284763 20 44
284777 22 58
284813 27 55
284882 22 57
284978 20 45
285138 24 59
286333 20 46
286348 14 42
286350 16 44
286729 22 42
286816 21 47
286864 26 44
287005 23 47
287010 23 43
287397 23 49
287409 23 36
287935 16 47
288047 27 58
288347 28 46
288473 28 50
288491 25 49
288572 15 48
288614 18 49
288740 27 55
288935 16 52
289396 19 30
289433 20 46
289538 28 69
289582 28 43
289627 23 56
289660 25 55
289669 24 54
289996 26 47
289997 28 47
290016 30 52
290058 12 37
290159 16 29
290328 24 43
290359 20 52
290595 28 28
291216 14 37
291384 75 0
291386 78 0
291459 29 58
291969 13 32
292042 6 29
292251 21 35
292312 15 53
292518 26 53
292529 25 56
292618 13 30
292858 24 48
292952 26 36
293009 24 52
293060 18 36
293333 17 43
293404 25 58
293839 22 36
293882 19 38
294090 20 48
294289 21 52
294637 15 37
294718 14 49
295045 23 41
295063 21 46
295292 22 54
295360 25 59
295384 25 64
296236 16 45
296473 16 32
297011 10 50
297157 28 35
298644 23 49
299124 35 72
299174 27 62
299209 26 40
299315 19 34
299526 28 59
299532 25 57
299734 19 47
300539 19 46
300917 20 66
301123 20 51
301291 26 42
301957 24 52
301966 29 51
302144 21 45
302196 30 52
302282 24 46
302332 30 66
302440 26 43
302671 12 34
302764 26 48
303516 22 48
303601 13 53
303604 15 52
303878 29 36
304243 23 41
304352 30 66
304381 29 60
305200 24 65
305324 27 57
305397 19 57
305614 21 56
305731 27 65
305736 27 58
305771 20 37
306415 29 42
306665 19 45
307503 15 41
307601 32 38
308630 22 53
308703 32 45
308802 22 58
309238 27 58
310006 25 38
310404 32 60
310613 20 45
310770 24 60
310983 30 45
311265 27 46
311616 25 51
311784 19 32
311889 18 41
311937 22 54
312135 22 50
312163 29 50
312168 27 49
312399 29 53
312573 31 43
312732 32 43
312984 14 43
313107 28 41
313320 31 49
313374 26 53
313809 17 36
313812 17 41
313848 26 42
313878 26 50
313965 24 46
315348 16 47
315383 22 45
315459 28 39
315521 20 34
315642 36 38
316223 27 45
316490 22 43
316628 25 52
316991 23 54
317117 20 38
317498 25 62
317534 23 55
317605 22 46
317614 21 47
317989 25 53
318033 18 41
318348 25 55
318570 28 45
318879 20 31
318969 34 45
319560 28 48
319635 32 53
319896 21 47
320465 14 30
320814 24 58
320834 27 52
320904 24 45
321077 27 53
321084 25 52
321294 30 42
321345 32 59
321460 22 48
321603 15 54
321772 25 52
321825 18 49
322042 20 55
322071 18 38
322311 20 36
322903 36 44
323271 33 50
323467 19 37
323570 26 47
323599 22 50
323636 28 32
323645 27 31
323709 25 42
324014 22 60
324173 29 43
324449 25 50
324470 28 45
324662 23 53
325271 34 44
325334 32 52
325403 25 34
326213 37 40
326408 8 19
326975 30 65
326981 28 64
327112 41 55
327373 19 21
327506 29 36
327514 29 34
328168 24 52
328471 27 44
328528 37 39
328635 42 40
328804 29 58
328989 22 45
328990 22 44
330265 34 49
330526 31 44
330832 27 49
331041 23 51
331044 22 48
331075 20 47
331078 20 48
331090 23 46
331273 23 40
331395 24 40
331937 19 48
331984 16 44
332094 30 48
332157 22 32
332566 29 37
334170 31 56
335529 33 49
335835 24 43
336413 22 44
336436 25 54
336921 22 28
336975 38 42
337003 29 38
338262 26 32
338295 24 43
338892 32 37
339111 16 43
339377 30 40
339393 33 40
339496 40 52
339567 25 58
339777 26 44
339830 38 42
341688 34 46
342319 43 42
345678 32 36
347029 23 18
348674 25 34
355836 37 34
356572 32 25
357193 1 69
357438 28 28
357723 26 38
360406 29 46
361284 33 22
361865 34 43
362425 35 34
364406 24 21
364988 39 36
365170 30 34
365389 26 29
367056 39 42
367673 33 26
367859 31 27
368150 34 36
369632 15 16
369646 14 18
370090 37 33
370156 23 26
370176 24 23
370434 30 45
370558 32 23
370785 37 34
371097 37 44
371483 21 28
372955 31 40
373553 21 21
378260 42 40
379693 29 34
380248 36 32
380270 39 35
381157 43 34
381256 44 39
381370 29 44
381823 45 31
381898 34 37
381902 33 38
381911 29 37
382117 40 40
382258 36 23
382340 38 25
382385 19 19
382405 31 24
382560 41 24
382590 48 37
382777 37 47
383137 22 43
384824 25 33
386305 22 21
386390 33 20
386841 39 38
387257 42 36
387634 37 38
388450 47 29
388456 49 26
388762 36 14
388801 28 37
388930 36 24
388945 41 21
389118 39 44
392412 30 31
397180 33 31
397486 55 42
397605 26 31
400451 39 27
401564 30 33
405362 37 31
407847 36 27
408647 47 29
408660 37 37
411161 43 28
413007 23 33
415732 27 24
416876 42 25
416918 32 21
417289 47 35
417956 42 31
418313 39 34
423791 42 28
423854 45 27
425418 43 27
425540 32 21
430049 33 32
431739 55 32
431754 53 33
433955 37 36
438484 24 27
439038 57 23
439662 39 27
442615 35 18
442873 27 29
444126 37 39
444168 39 26
444569 34 29
444593 46 36
444668 31 32
444766 32 21
444770 30 23
444806 29 18
444929 32 21
445043 43 44
445082 51 28
445085 51 31
445132 53 37
445179 41 24
445227 36 27
445298 20 12
445923 28 34
446197 56 43
447548 36 28
448368 49 26
449184 16 13
450044 36 31
450246 49 37
451397 22 22
460011 1083 2086
490736 47 15
490778 41 35
490779 41 34
490822 31 28
490980 55 27
490994 49 26
491106 37 19
491119 33 30
491270 25 21
491271 26 21
491308 41 33
491675 34 17
491686 29 24
491705 28 23
491711 23 25
491811 29 12
491843 26 22
491852 36 24
491878 46 22
491882 49 20
491897 41 18
492576 40 27
493580 51 39
493682 31 23
493694 25 21
493775 26 30
493843 41 20
493919 37 23
494318 31 20
494432 26 9
494492 22 17
494710 42 28
494712 42 29
495003 46 22
495345 44 29
495808 39 33
496219 45 18
496435 47 26
496836 34 18
497836 36 35
497944 39 28
497971 32 26
497973 1 58
497991 0 61
498060 33 33
498295 32 21
498324 46 19
498458 36 20
498922 52 20
499675 41 32
500002 42 22
500140 38 31
500276 31 23
500367 38 25
500417 29 28
500418 29 28
500492 36 20
500588 48 22
500834 45 29
501111 45 32
501204 43 22
501435 50 20
501513 45 34
501528 50 28
501623 33 26
501645 43 29
501702 49 15
501735 40 25
502073 33 29
502282 33 27
502332 30 24
502344 30 26
502354 36 23
502412 49 27
502532 55 25
502605 25 25
502626 36 21
502762 0 68
502763 0 68
502764 0 66
502809 0 83
502836 0 95
502837 1 96
502895 45 30
502958 47 23
503087 25 18
503194 35 24
503205 40 25
503278 36 20
503303 51 22
503513 51 42
503636 64 30
503711 42 22
503786 49 34
504005 51 31
504089 66 41
504212 55 19
504237 45 25
504353 33 32
504508 50 32
504584 26 24
504666 43 29
504702 46 34
505017 50 29
505065 31 30
505090 39 30
505155 36 26
505347 43 29
505761 39 31
505927 26 18
505938 29 14
506248 38 20
506557 46 25
506656 47 33
507076 49 15
507214 42 25
507813 34 23
507918 39 32
507954 42 22
508025 34 19
508029 36 19
508092 49 29
508185 24 26
508275 19 15
508295 30 13
508386 37 31
508473 30 20
508530 49 23
508612 36 32
508650 35 20
508719 42 33
508854 44 30
508893 41 29
508921 53 27
508980 54 31
509280 46 31
509325 40 40
509343 41 36
509439 52 41
509613 40 18
509643 46 22
509787 51 27
509797 52 29
509983 45 26
510269 35 37
510380 42 32
510470 37 25
510487 34 25
510508 38 33
510560 42 28
510902 37 29
511072 54 42
511198 46 31
511341 49 34
511774 44 26
511885 39 23
513002 26 18
513013 28 20
513650 47 26
513652 46 24
513766 50 36
514237 49 31
514238 49 31
514239 51 33
514438 30 35
514582 49 32
514635 56 28
514833 43 18
514846 40 20
514923 35 33
514957 23 28
514966 19 24
514980 17 28
515007 30 23
515082 34 28
515237 27 22
515451 57 26
515517 30 27
515571 41 40
516198 43 34
516237 47 42
516694 43 26
516897 51 38
517095 42 30
517115 49 30
517339 35 28
517580 43 26
517615 46 37
517748 40 34
517821 26 20
518096 54 28
518202 42 28
518291 42 22
518453 40 23
518560 40 23
518618 47 37
519158 25 14
519164 24 14
519350 51 25
519432 43 29
519440 50 28
519647 32 31
519667 30 27
519689 34 27
520062 41 28
520934 46 23
521147 45 23
521278 45 26
521381 30 34
521644 42 28
522609 23 23
522915 48 25
522947 38 23
523175 62 40
524919 25 29
525197 45 30
525386 48 29
525540 56 29
525792 43 33
525801 45 33
526231 25 17
526266 54 27
526398 66 28
526415 67 27
526551 38 29
526686 44 33
526780 43 35
526818 34 22
526821 36 22
526848 46 24
526923 48 24
527013 42 20
527112 49 23
527583 57 27
527716 35 21
527874 42 19
528192 32 32
528744 58 28
528750 81 0
528801 52 32
529056 44 30
529569 48 32
529575 48 32
529587 50 35
529716 47 34
530016 46 28
530175 45 37
530262 52 26
530351 38 22
530378 38 29
530559 29 24
530693 23 20
530731 19 4
530781 30 17
531362 46 41
531752 48 33
531797 35 38
531848 42 25
532085 37 33
532147 55 25
532256 39 31
532382 58 28
532541 33 23
532556 41 33
532724 38 20
532748 47 23
532790 40 20
532862 51 42
532985 48 38
533082 47 24
533802 42 32
536834 39 22
537572 41 15
543142 33 30
543241 36 20
543481 53 16
543737 31 19
545568 43 18
545674 62 23
546356 46 25
548126 37 36
548328 30 24
548453 57 27
548552 28 17
549298 48 40
550374 35 17
552833 40 30
552875 36 25
553064 53 33
553071 49 34
553130 51 19
553148 53 17
553634 63 35
554134 50 22
554205 62 22
554262 48 30
554451 41 18
554491 44 18
554695 45 27
554932 47 25
554938 49 24
555433 63 31
555994 49 18
556057 52 30
556428 30 18
556750 44 20
556880 49 26
556962 36 31
557015 53 25
557325 51 34
557421 45 15
557853 43 32
557862 53 30
557980 40 23
558666 52 23
558946 47 31
559253 63 21
559512 42 16
559542 42 21
559668 57 31
559836 55 30
559899 51 34
560025 48 32
560520 43 10
561786 45 35
561976 49 22
562047 57 34
562071 64 30
562306 30 23
563187 47 19
563208 50 19
563209 50 21
563583 34 16
567958 36 18
568115 41 20
568226 50 19
568450 53 32
568547 39 19
568918 51 24
569540 45 26
570033 52 32
570429 33 14
570677 42 14
570787 46 20
570844 68 21
570915 57 14
571413 57 18
571752 54 17
571773 60 21
571810 46 18
571827 46 20
572012 16 15
572165 55 10
572187 52 12
572295 38 23
572947 33 9
574951 42 18
575258 46 25
575474 35 19
575798 52 23
576168 51 26
578338 40 26
582504 39 19
583134 65 17
583479 63 22
583526 56 21
585710 27 16
586256 49 23
586322 40 18
587582 25 11
587885 45 21
591466 40 11
591553 67 20
591569 63 22
591956 25 13
591979 35 12
592354 56 22
592680 46 16
599144 55 12
599196 33 9
599207 29 9
599483 67 23
599987 45 20
601490 55 26
603025 49 14
604414 66 15
604896 39 10
605257 41 16
605538 52 22
607076 47 20
607091 45 12
607172 34 12
607201 26 10
607345 53 27
607532 61 18
607615 30 6
607638 19 6
607681 64 22
607708 54 14
607723 53 18
607738 54 20
607780 37 15
607791 36 12
607792 37 13
607815 48 11
607923 38 14
607924 39 13
607999 49 19
608023 29 22
608103 47 19
608137 53 20
608155 52 17
608156 52 17
608473 53 18
608667 49 20
608674 52 19
608686 55 19
608710 53 23
608725 52 18
608749 50 13
609040 53 20
609088 62 17
609127 40 6
609214 59 12
609309 51 14
609381 62 16
609489 54 17
609556 41 13
609573 51 17
609590 63 15
609628 73 18
609689 48 26
609792 52 15
611180 55 21
611770 63 14
611780 67 11
611974 72 29
611995 71 20
612203 41 9
612239 32 14
612359 63 14
612480 54 23
612517 63 13
612785 45 13
613114 57 15
613219 73 19
613369 58 30
613381 65 24
613465 59 18
613480 55 15
613483 52 15
613528 12 7
614131 49 8
614137 34 15
614179 29 10
614287 28 5
614305 28 5
614370 54 17
614412 39 10
614424 34 12
614457 39 7
614709 57 10
614741 56 8
614752 54 13
616057 58 19
616888 79 17
617209 46 21
617373 50 13
617707 35 12
617866 46 23
618109 43 12
618280 47 23
619024 48 9
619342 74 8
619477 59 20
619651 46 22
619732 67 14
619753 62 26
619972 53 11
620542 49 20
621040 65 14
621337 40 12
621514 63 10
621547 61 9
621604 59 13
621673 51 20
621898 60 14
622069 50 8
622345 47 10
622970 40 12
623000 51 11
623060 34 10
623495 39 11
623831 58 12
624956 54 10
625038 57 4
626423 19 7
627008 72 8
627202 57 16
627275 56 14
627362 50 14
627371 48 12
627544 49 6
628216 45 12
628275 58 15
628362 48 11
628366 43 10
628425 42 3
628811 0 88
629442 56 13
629691 52 8
629915 57 7
629975 55 14
630049 62 13
630315 55 5
630551 45 18
630569 44 20
630871 64 8
630918 60 12
630959 54 17
631178 46 12
632012 59 12
632063 59 14
632068 73 15
632079 82 14
632382 62 6
632672 50 16
632838 62 8
632911 59 19
632987 56 17
633128 49 11
633131 51 11
633150 55 8
633164 49 10
633200 60 14
633303 60 11
633317 47 10
633348 61 13
633356 59 17
633478 57 18
633783 56 14
634220 44 11
634489 56 19
634507 54 14
634591 59 20
634861 65 10
635026 50 12
635188 63 13
635221 58 13
635383 54 18
635392 50 20
635618 54 17
635887 53 14
636133 40 1
636166 35 4
636270 46 13
636685 48 13
636691 52 13
637194 58 15
637237 66 12
637468 67 17
638088 69 20
638412 61 6
640446 63 11
640497 70 11
641407 48 12
641416 49 11
642133 47 12
642189 48 8
642816 54 10
643161 55 10
643839 72 15
643915 71 23
644076 64 11
644082 59 10
644136 62 18
644552 64 7
645079 57 4
645339 56 19
645453 75 14
645540 52 10
646706 53 16
646849 57 14
646862 58 14
647018 65 14
647096 46 10
647372 67 9
647513 51 8
647723 65 11
647753 77 15
647779 65 20
647789 69 13
647855 80 14
647937 49 20
648650 73 11
648878 68 13
648954 55 7
649037 56 10
649259 60 15
649838 54 4
650213 50 7
650261 60 14
650768 62 7
656892 44 7
657023 62 11
657028 61 10
657042 62 8
657050 52 9
657235 21 7
657493 26 2
657537 34 10
657603 30 5
657632 31 3
658055 61 5
658600 47 12
659351 58 18
659770 69 10
659917 47 11
659920 51 10
660047 67 8
660372 40 9
660473 58 14
660623 51 10
660917 55 11
661445 49 13
661751 56 13
661865 52 12
661928 61 11
662008 64 14
662312 61 12
662354 57 13
662495 55 9
662516 66 13
662628 64 21
662711 53 13
662979 56 9
663018 50 10
663333 54 12
663369 65 5
663840 71 12
663891 49 13
664140 48 10
664158 62 12
664659 73 15
665237 56 16
665344 62 7
665346 60 8
665367 70 14
665414 49 20
665752 67 11
666391 63 15
666396 69 15
666936 82 15
667632 62 7
667774 61 14
667878 59 14
668208 34 20
668242 72 16
668245 73 15
668551 57 11
668900 45 8
669014 51 10
669044 47 11
669054 46 8
669186 23 8
669187 24 8
669188 25 7
669237 42 7
669291 53 11
669294 51 11
669309 47 10
669898 54 14
669921 49 14
669991 48 17
669995 50 16
670010 49 15
670062 61 9
670461 48 13
670865 32 4
670934 46 6
671000 61 13
671033 62 10
671168 52 11
671258 42 11
671311 54 4
671324 48 3
671464 61 12
671466 59 11
671556 36 12
671564 36 13
671670 69 9
671704 53 15
671822 65 13
671957 52 14
672243 60 17
672266 66 15
672294 63 15
672318 59 10
672356 65 12
672395 52 16
672506 66 15
672557 66 9
672638 45 7
672684 74 12
672779 58 10
673081 49 6
673091 49 8
673112 40 11
673275 74 13
673534 56 5
673540 55 7
673887 41 9
674153 59 13
674200 71 8
674616 54 11
674648 52 10
674712 47 8
674764 52 10
674782 49 12
674878 46 7
674976 41 9
675043 43 11
675395 45 12
675408 42 11
675925 67 16
675926 69 16
675962 51 16
676077 41 13
676610 56 15
676613 56 14
676886 53 10
676926 63 14
676938 59 13
677006 65 20
677133 64 12
677165 64 15
677324 65 14
677676 54 17
677700 62 17
677901 67 26
677907 69 23
677958 67 19
677992 64 21
678097 40 16
678195 40 12
678278 57 11
678532 58 18
678620 56 14
678646 45 18
678752 52 11
678794 48 11
678818 53 14
679181 39 7
679404 54 18
679497 54 10
679601 63 19
679808 71 19
680006 34 10
680160 46 14
680347 61 10
680365 55 14
680500 50 19
680927 42 12
681098 44 8
681564 44 17
681615 56 12
681852 57 15
682249 60 12
682831 73 25
682840 73 26
682875 62 27
683406 52 10
683463 44 10
683589 38 12
683799 53 15
683859 50 18
684069 55 16
684168 73 21
684642 58 10
684651 61 11
684654 62 11
684786 45 19
685229 53 12
685722 58 19
685854 57 14
685893 51 17
686001 51 8
686214 54 14
686637 41 18
686724 53 16
686786 51 20
686790 54 19
687647 33 8
687663 53 16
687736 51 10
687770 43 11
687808 47 9
688078 23 6
688147 47 9
688228 32 8
688238 27 7
688247 25 7
688264 24 11
688266 24 11
688327 49 15
688348 33 12
688418 33 5
688425 38 8
688605 27 12
688607 23 11
688734 45 18
688773 68 12
688790 53 15
688903 55 17
689123 47 9
689148 54 11
689217 48 19
689501 1 68
689503 52 18
689511 53 14
689528 44 12
689588 36 16
689627 60 8
689720 55 17
689794 50 14
689917 32 10
689956 33 15
690163 49 20
690250 39 16
690275 42 18
690281 48 16
690476 39 12
690480 36 14
690498 37 17
690767 58 19
691333 57 14
691606 45 17
691648 58 14
691717 45 16
691843 54 24
691867 51 15
692161 64 19
692182 55 22
692875 46 15
693268 46 12
693580 58 19
693616 67 16
693688 45 14
693757 52 15
693787 54 22
693905 49 14
694171 47 24
694212 47 10
694319 47 22
694378 44 19
694827 51 22
694842 47 19
694916 54 11
694940 50 14
694952 45 14
694983 22 12
695014 6 5
696351 56 15
696796 51 17
696863 52 16
696991 40 14
697199 49 17
697262 41 20
697760 47 15
698945 46 21
699068 58 29
699182 48 15
699567 48 9
699871 33 11
700112 50 19
700525 50 16
700891 68 21
701266 23 9
701541 54 16
701666 59 14
701794 54 22
702076 58 16
702205 39 14
702364 63 24
702385 56 25
702586 57 21
702678 45 17
702789 42 26
702991 44 13
703357 51 23
703408 63 21
703573 47 14
703612 63 20
703660 53 16
703816 60 24
703972 52 23
704387 51 21
704794 53 16
704830 45 23
704993 48 21
705030 52 14
705094 35 10
705097 37 11
705119 40 14
705129 39 18
705192 38 25
705210 46 28
705222 60 27
705603 52 14
705705 57 18
705728 64 18
705750 58 19
706113 36 16
706445 65 31
706748 46 24
706757 50 27
706781 54 36
706790 54 35
706808 51 33
706907 42 16
706967 43 21
706979 47 15
707021 46 17
707099 47 20
707239 50 20
707303 50 22
707306 53 19
707319 53 16
707645 58 18
707758 47 13
707759 48 13
707773 43 8
707951 69 29
708039 47 33
708186 30 21
708262 48 18
708384 32 5
708426 28 11
708568 60 23
708596 52 27
708797 56 21
708815 61 22
708838 56 30
708841 56 28
708956 62 16
709060 58 27
709064 57 22
709103 61 28
709176 50 30
709385 54 22
709880 59 22
709889 54 26
710057 49 24
710069 51 24
710091 49 19
710117 30 10
710158 34 2
710162 34 2
710168 32 2
710216 49 15
710284 27 15
710359 33 16
710494 47 21
710636 46 17
710705 41 23
710710 49 22
710872 52 23
711046 46 12
711059 39 13
711068 38 14
711313 56 27
711338 41 17
711355 43 22
711433 44 17
711838 43 21
712041 46 23
712135 46 11
712303 43 22
712325 43 17
712943 40 23
712959 35 20
713060 32 5
713069 33 5
713181 41 18
713421 61 20
713480 48 21
713508 42 19
713514 38 18
713517 37 20
713544 47 24
713645 59 20
713694 65 20
713844 40 18
714003 48 19
714021 45 21
714063 52 24
714135 63 15
714159 67 16
714186 57 22
714201 44 24
714303 51 30
714321 54 16
714327 53 15
714408 48 15
714440 60 24
714547 32 16
714588 49 14
714642 51 25
714967 43 18
715069 38 23
715074 36 28
715236 43 16
715596 36 15
715623 40 21
715773 50 20
715868 56 15
715887 60 22
715890 54 22
715956 58 25
715983 58 24
716178 54 26
716370 48 18
716400 60 24
716595 46 13
716778 54 10
716853 47 18
717137 18 9
717182 52 17
717476 46 26
717530 41 22
717713 43 19
717898 40 28
717950 33 25
717953 30 26
718155 44 20
718171 34 9
718212 22 6
718267 23 11
718279 28 16
718480 51 21
718516 43 23
718522 47 24
718594 48 28
718822 61 14
718897 49 23
719037 50 20
719107 36 21
719401 56 23
719437 62 29
719510 48 33
719619 40 15
719859 51 27
719911 60 22
720527 35 19
720540 34 14
720587 23 9
721258 42 20
721789 16 12
721984 32 13
721985 33 13
722024 56 24
722080 65 29
722345 68 34
722381 62 21
722448 51 20
722594 43 22
722618 57 16
722658 42 25
722746 50 26
723253 41 19
723284 51 18
723291 51 16
723320 39 17
723330 44 22
723331 45 22
723343 47 21
723356 60 30
723464 46 19
723592 58 16
723740 42 22
723999 35 15
724119 50 18
724535 38 17
724902 40 21
725539 53 26
725543 53 27
725579 47 20
725585 45 17
725937 51 0
726026 52 28
726162 45 24
726450 57 22
726581 41 18
726849 51 30
727095 49 28
727107 47 24
727329 68 19
727455 51 23
727540 48 26
727902 48 26
728028 51 22
728083 39 21
728084 40 20
728636 68 29
728728 32 20
729243 47 27
729939 57 22
729963 61 28
730686 56 18
730720 42 28
730779 49 23
731013 38 27
732436 39 21
732855 55 29
733838 37 34
734158 37 22
734457 46 29
736155 46 25
736353 64 30
736587 43 28
736740 51 21
736758 42 20
737370 41 23
737571 30 14
737777 50 34
737805 61 30
738098 60 18
738126 49 20
738354 53 20
738993 47 28
739052 52 21
739068 42 21
739185 50 23
739412 46 24
739625 57 19
739959 49 18
740406 52 22
740814 43 27
741117 45 34
741198 54 28
741423 48 30
741984 16 24
742074 45 26
742089 50 24
742175 39 38
742200 50 28
742203 50 30
742353 40 26
742788 48 31
742980 56 20
743014 39 22
743136 45 17
743184 44 31
743190 49 28
743205 52 25
743764 42 31
743918 36 12
744125 31 17
744208 37 17
744417 62 35
744447 59 23
744567 35 13
744886 18 16
744924 31 23
745461 42 23
745465 42 22
745553 35 19
745661 37 27
745672 37 27
745707 42 36
746037 41 23
747359 46 20
747375 60 21
747530 35 18
747878 39 19
747901 44 17
747930 51 24
748237 57 29
748300 65 32
748363 38 31
748417 41 25
748498 46 22
748573 45 23
748732 50 23
748736 48 25
749137 41 17
749274 37 24
749303 44 31
749547 53 23
749674 53 37
749794 52 24
749935 46 21
750223 54 0
750325 39 27
750338 46 33
750486 63 29
750622 41 31
750670 54 35
750836 35 20
750943 52 35
750945 54 37
750989 46 26
751143 48 29
751399 40 33
751825 58 22
751828 55 23
751891 50 30
752104 36 22
752119 36 19
752259 30 23
752260 31 24
752594 47 21
753080 31 23
753526 31 20
753572 41 29
754315 36 22
754318 37 24
754378 48 28
754390 37 27
754652 43 27
754860 46 20
754946 41 21
754979 33 31
755192 41 21
755554 50 17
755891 45 33
755942 33 24
755969 39 31
756138 42 21
756159 37 19
756806 55 29
757021 47 23
757069 32 14
757091 34 17
757132 42 27
757764 50 37
757818 42 43
758083 42 26
758100 46 28
758247 46 21
758415 43 29
758418 38 30
758452 47 33
758456 44 32
758493 45 24
758525 58 24
758596 47 21
758854 48 34
758960 45 26
759016 41 21
759163 32 23
759217 44 35
759269 50 23
759843 41 27
759861 45 30
759873 40 29
759888 53 25
759986 33 29
760015 0 67
760026 39 38
760164 28 27
760200 45 24
760344 27 7
760391 31 27
760397 34 34
760503 53 32
760640 46 23
760653 56 30
760720 45 22
761013 54 29
761051 55 36
761144 38 33
761209 43 22
761213 45 24
761322 36 29
761334 33 28
761395 35 27
761425 42 25
761501 51 34
761601 39 18
761921 25 19
762048 48 31
762110 43 32
762179 47 28
762219 42 30
762442 24 16
762491 19 20
762816 41 29
762845 83 0
762937 40 30
763150 35 32
763198 49 33
763213 47 31
763324 59 21
763411 36 19
763501 43 30
763665 42 31
763741 28 19
764239 56 28
764338 39 25
764388 34 24
764397 33 22
764453 39 36
764480 45 29
764613 36 21
764622 39 21
764780 49 26
764795 54 28
765046 54 32
765565 53 29
765604 48 38
765880 35 32
765919 48 19
765920 45 21
765943 53 29
765970 46 38
765988 52 40
766005 59 35
766038 61 33
766224 30 19
766488 21 18
766774 63 37
767025 65 0
767026 70 0
767242 38 24
767243 36 24
767251 37 25
767368 55 36
767419 34 25
768099 35 19
768576 43 26
768622 42 22
768835 33 25
769192 4 4
769225 31 25
769311 31 16
769887 45 26
770181 39 29
770322 41 22
770363 41 23
770487 42 21
770629 56 23
770841 36 26
770845 37 26
770889 44 20
771717 40 21
772089 38 36
773246 32 27
774095 42 23
774719 43 26
774797 41 24
774848 52 32
775103 34 27
775523 37 26
775536 28 24
777176 35 27
777783 56 38
777813 64 30
777867 38 33
778283 53 24
779221 48 46
779606 46 34
780113 49 42
780549 42 46
780727 43 37
780840 35 27
780980 39 31
782001 38 35
782079 36 31
782203 44 44
782838 36 33
782904 36 29
783054 43 30
783529 39 17
784217 38 33
784819 27 22
785226 46 36
785339 35 29
785349 26 26
786200 29 33
786232 27 26
786287 23 25
786332 24 24
786374 43 32
786551 38 30
786561 37 30
786825 53 40
786990 37 28
787038 25 27
787059 28 22
787305 30 29
787306 29 29
787381 29 29
787509 35 38
787755 37 28
788349 44 33
788474 42 35
788535 29 29
788547 29 33
788600 44 32
788614 45 35
788625 48 35
788637 48 38
788662 43 34
788681 32 33
788814 38 34
788873 30 32
788972 52 42
788986 45 47
789046 44 30
789614 33 34
790026 41 31
790300 46 32
790396 36 25
790483 26 24
790499 39 31
790746 36 32
791004 35 50
791116 45 44
791307 39 39
791349 41 20
791496 40 43
792122 35 29
792202 25 30
792264 36 23
792276 41 26
792416 26 15
792537 41 30
792555 52 37
792570 47 37
792639 42 44
792640 45 42
792643 45 39
792690 37 19
792701 40 27
792736 21 41
792746 21 32
792820 19 16
792825 20 19
792874 33 31
792895 32 32
792971 22 24
793008 26 14
793292 37 40
793334 36 25
793352 44 22
793420 23 34
793517 44 24
793518 45 25
793538 42 23
793554 42 28
793557 40 29
793650 41 30
793680 35 36
793688 30 33
793694 19 28
793795 23 33
793902 29 31
794237 39 40
794426 38 28
794439 37 29
794632 29 21
794637 26 21
795035 37 31
795311 33 30
795547 23 15
795918 38 36
795939 33 34
795998 27 29
796024 33 38
796041 43 47
796073 26 36
796092 25 21
796131 38 31
796412 35 16
796438 28 25
796573 38 31
796620 36 22
796702 36 34
796777 25 17
796781 26 16
796813 33 27
797022 18 11
797626 46 31
797756 39 29
797944 42 37
797989 36 27
797995 44 27
798013 51 40
798049 30 41
798120 25 28
798280 32 39
798475 36 34
798537 44 34
798682 41 31
798841 48 30
799084 32 59
799106 31 56
799109 32 51
799246 35 39
799387 32 41
799489 44 37
799627 27 31
799692 35 20
799946 38 35
800194 28 38
800239 31 29
800494 35 38
800644 46 39
800671 47 32
800854 41 38
801095 34 16
801106 30 17
801183 26 25
801256 28 27
801530 34 24
801971 32 31
802065 37 37
802286 37 39
802667 33 28
802766 35 21
803012 40 28
803021 48 34
803025 52 37
803069 60 39
803174 47 36
803214 30 19
803429 34 35
803491 37 24
803545 51 31
803735 39 33
803753 41 36
803772 41 48
803774 40 46
803832 51 42
803864 47 30
804053 39 27
804203 28 38
804367 45 41
804611 26 42
804682 32 32
804893 39 33
804977 49 31
805189 27 29
805436 43 43
805451 45 35
805553 52 28
805709 30 33
805895 36 28
805969 35 53
806178 42 34
806727 44 22
806742 40 28
807003 28 35
807073 43 29
807119 25 38
807137 30 33
807150 34 26
807177 34 21
807182 37 24
807249 26 33
807280 23 28
807360 33 30
807454 29 32
807495 31 30
807507 28 27
807560 37 28
807602 45 44
807707 31 27
807736 42 35
807750 34 37
807794 28 32
807812 39 38
807828 48 35
807869 39 40
808045 32 31
808082 48 42
808097 39 43
808188 36 43
808208 43 49
808278 34 28
808433 34 43
808451 26 38
808467 26 37
808556 35 28
808606 30 39
808622 41 48
808678 41 43
808707 39 52
808733 38 46
808840 38 48
808891 33 44
808949 57 34
809004 41 44
809042 33 44
809079 38 41
809081 37 40
809129 41 35
809131 45 34
809136 43 34
809332 28 30
809342 26 36
809433 34 20
809475 38 30
809476 38 28
809768 43 36
809988 43 29
810046 38 46
810051 36 43
810175 39 45
810265 37 42
810332 37 40
810422 44 48
810442 48 45
810673 34 40
810701 39 34
810736 39 35
810793 37 42
810820 32 40
810829 34 36
811063 43 32
811112 43 32
811300 24 17
811333 27 40
811384 53 33
811432 49 39
811470 48 45
811471 45 46
811501 42 31
811639 46 41
811648 41 39
811660 42 35
811669 33 36
811672 36 36
811756 42 30
811796 45 29
811801 43 32
811885 30 49
811913 33 29
812218 29 30
812854 40 38
812989 32 43
813235 32 32
813349 38 41
813652 31 30
813775 43 24
813811 16 16
814016 30 32
814255 26 41
814336 42 28
814363 54 31
814366 53 31
814585 45 53
814657 46 29
815092 42 49
815107 45 39
815116 44 43
815221 41 32
815323 44 31
815356 35 41
815364 44 42
815525 34 34
815553 32 36
815762 39 27
815768 34 26
815783 32 21
815939 28 31
815986 27 33
815994 34 35
816027 31 33
816048 31 36
816057 40 43
816067 42 44
816161 30 38
816235 52 40
816278 28 44
816284 30 39
816322 33 34
816398 36 40
816419 37 38
816602 41 41
816647 38 34
816719 30 31
816917 39 46
816965 37 41
816977 32 33
817043 30 37
817115 31 29
817182 56 39
817185 53 39
817278 42 42
817344 37 28
817375 34 37
817462 33 37
817524 36 34
817586 30 27
817683 42 35
817709 28 33
817754 10 17
817813 31 20
817906 37 32
817972 21 31
817997 18 32
818003 22 32
818017 25 27
818018 25 29
818040 31 32
818045 27 34
818533 27 31
818541 23 32
818561 22 29
818575 23 22
818581 29 25
818587 30 26
818696 36 20
818716 28 30
818995 29 28
818996 28 27
819078 29 21
819098 28 24
819281 45 34
819554 30 28
819578 28 32
819610 29 32
819642 32 22
819680 30 39
819712 38 33
819719 40 38
819741 34 44
820285 38 34
820296 43 36
820504 31 36
820614 33 25
820635 38 20
820803 49 34
820872 28 22
820889 32 28
821079 42 42
821127 38 25
821268 41 26
821271 38 25
821361 21 35
821460 37 29
821517 28 43
821541 27 40
821844 39 39
821895 25 32
822212 34 29
822303 42 32
822378 32 27
822429 33 39
822538 49 29
822607 23 34
822647 18 31
822749 37 25
822767 46 35
822797 25 31
822846 22 26
822852 25 24
822902 39 21
823020 33 47
823027 34 51
823119 20 15
823215 37 33
823242 36 37
823318 24 15
823323 28 13
823336 27 22
823765 29 28
823908 39 30
824006 41 38
824189 35 36
824210 46 33
824231 38 28
824359 43 42
824404 44 28
824597 50 28
824975 31 42
825427 36 42
825455 29 34
825659 29 45
825692 32 37
826151 38 40
826452 39 31
826672 26 34
827779 43 33
827899 39 33
828216 45 42
828242 40 38
828576 36 28
828620 17 17
828752 35 51
828901 83 0
829033 34 43
829267 51 48
829484 22 28
829511 44 33
829634 31 40
829691 45 33
829706 41 35
829805 31 47
829808 26 46
829915 45 43
830369 38 36
830376 39 36
830505 33 45
830506 32 43
830518 34 40
830530 36 35
830673 30 33
830676 34 34
830687 35 35
830719 34 39
830729 29 40
830789 31 44
830819 39 37
830943 30 29
830952 34 37
830979 32 43
831239 36 29
831425 33 42
831668 20 29
831731 38 39
831791 36 33
831803 30 32
832052 42 42
832182 33 37
832279 33 37
832832 23 30
833258 44 38
833324 42 48
833444 28 23
833498 19 26
833645 30 33
833772 23 28
833857 29 31
833863 31 33
833888 29 26
833928 38 29
833981 29 25
834029 23 30
834051 35 25
834073 44 30
834106 30 34
834109 32 31
834215 25 20
834279 33 32
834284 32 33
834385 41 34
834414 39 38
834550 35 58
834724 46 42
835057 36 44
835108 33 37
835255 40 37
835275 34 42
835391 30 24
835398 35 28
835410 35 35
835459 43 35
835493 32 44
835687 42 38
835690 44 37
835789 36 46
835798 36 48
836318 27 27
836319 27 29
837116 58 37
837458 25 25
837469 18 23
837480 15 17
837593 34 34
837917 23 28
839566 41 39
839571 43 41
839652 45 39
839720 55 42
839781 35 42
840215 29 24
840285 49 37
840312 37 25
840575 45 47
840603 43 40
840680 39 53
840837 31 35
841071 28 21
841352 27 35
841665 22 34
842366 37 27
842399 32 30
842768 39 41
842953 26 29
843390 43 34
843398 50 34
843683 29 30
844036 35 42
844189 29 30
844291 32 32
844423 42 36
844639 35 27
845434 26 23
846069 15 26
846077 18 25
846310 44 37
846352 32 45
846634 37 31
846810 27 33
847186 29 21
847701 35 38
847955 24 27
847970 23 27
848106 46 33
848193 32 33
848441 46 36
848717 36 34
848840 36 32
848906 42 31
849015 37 41
849158 22 37
849242 29 27
849443 36 36
849489 36 43
849513 37 42
849603 26 23
849608 25 24
850040 38 29
850145 26 25
850370 26 35
850556 35 31
850895 48 42
850955 41 46
851087 44 28
851168 24 42
851229 28 30
851510 29 39
851585 38 29
851758 44 36
851967 33 41
852005 28 26
852272 30 34
852841 39 37
853101 30 37
853995 24 37
854276 43 48
854471 28 33
854759 25 26
854831 36 36
855016 21 28
855073 30 31
855142 41 28
855152 44 26
855356 33 26
855389 34 21
855419 40 28
855462 32 34
855540 42 53
855575 42 39
855693 29 35
855716 33 30
855770 28 31
855911 37 30
855988 39 51
856040 38 30
856397 33 27
856998 38 43
857017 37 40
857424 28 35
857475 24 18
857628 44 35
857743 35 41
857847 27 33
858371 27 29
858603 39 39
858633 33 33
858800 40 32
858992 37 32
859241 31 36
859349 25 27
859353 24 29
859417 32 40
859628 41 43
860029 28 36
860036 33 31
860131 40 43
860209 50 39
860957 33 49
861300 22 28
861673 33 19
861839 34 41
862013 36 43
862235 30 36
862410 35 38
862517 42 36
862718 35 46
863686 37 42
863918 46 38
864157 41 34
864289 37 30
864556 34 44
864604 36 37
864721 30 33
864766 24 40
864997 38 48
865084 34 30
865453 27 31
865555 34 35
865734 36 39
865825 32 33
865846 32 29
866080 53 34
866116 40 30
866254 22 29
866284 26 21
866557 30 36
866959 21 25
867116 21 22
867395 43 52
868517 29 20
868616 17 21
868665 34 38
868735 29 23
869188 26 40
869306 49 40
869347 45 38
869368 36 46
870165 34 40
870211 31 37
870631 43 42
870643 33 43
870991 29 59
871061 40 45
871150 46 37
871482 36 47
871502 37 39
871644 43 48
871823 29 35
871996 40 47
871997 40 47
872035 47 29
872178 46 39
872399 43 47
872447 34 46
872450 34 43
872705 38 27
873153 42 29
873298 55 39
873723 24 34
873748 27 34
873870 44 37
874245 40 47
874257 44 46
874341 42 40
874371 46 39
874377 47 43
874395 44 50
874425 37 45
874431 37 37
874452 37 42
874713 45 34
874810 31 36
875064 41 35
875361 36 36
875553 22 19
875600 27 26
876118 39 45
876712 44 46
877591 28 47
877604 32 43
877605 34 42
877623 45 39
877645 41 45
877734 32 48
877737 33 52
877942 48 43
877965 50 30
878007 33 24
878237 28 52
878841 44 28
878874 48 32
879384 45 40
879755 38 40
879952 35 39
880034 40 48
880250 39 42
880275 42 38
880318 39 44
880936 33 31
881540 23 35
881579 28 35
881640 24 33
881641 24 33
881644 26 36
881788 44 35
881896 26 25
882084 31 32
882429 20 38
882522 35 35
882900 27 43
882975 23 44
883248 40 40
883428 45 33
883498 45 47
884517 25 29
884620 40 33
884655 28 38
884837 29 43
884975 50 34
885145 19 26
885189 32 23
885215 28 21
885247 29 29
885267 38 32
885302 35 35
885400 39 46
885457 33 39
885489 42 36
885523 26 49
885535 31 43
885676 40 31
885744 37 25
885952 41 46
886356 42 28
886588 42 36
886648 34 40
886771 35 40
886837 31 26
886843 36 29
886880 36 43
886901 40 52
887066 41 45
887299 52 32
887305 52 38
887671 38 30
888136 34 34
888181 24 42
888201 25 37
888259 24 25
888361 32 41
888652 22 22
888675 20 29
888874 24 26
889105 46 41
889288 38 34
889360 34 38
889387 37 37
889414 27 39
889426 22 40
889749 33 28
890157 37 27
890223 29 49
890350 41 38
890547 32 39
890590 40 46
891002 44 40
891196 36 33
891298 36 42
891319 42 50
891322 42 47
891451 33 34
891874 51 38
891880 47 39
892171 30 39
892382 40 51
892435 35 38
892505 42 42
892507 42 45
893139 40 46
893371 49 39
893381 50 49
893395 42 52
893417 29 51
893439 37 52
893452 36 45
893463 38 44
893650 37 51
893935 46 51
894076 32 41
894103 39 39
894451 42 52
894612 35 39
894679 29 43
894790 29 51
894952 38 40
895060 44 50
895450 32 30
896143 37 41
896196 30 39
896922 35 39
897688 39 39
898043 26 30
898118 24 40
898208 36 44
898211 35 45
898519 43 36
899064 33 39
899118 28 42
899302 25 32
899461 28 24
899579 27 37
899678 36 47
899793 32 42
899834 34 39
899897 33 45
899954 28 27
899978 30 24
900279 38 39
900300 46 35
900811 41 42
900884 37 41
901178 49 35
901472 32 44
901808 28 35
901825 25 36
902329 31 51
902590 28 38
902615 26 35
902760 32 41
902947 26 40
903126 37 43
903719 29 34
903721 29 36
903956 47 57
904001 42 45
904238 31 43
904436 30 32
904579 17 29
904695 32 29
904914 35 48
905507 23 46
905605 32 36
905671 40 31
905690 43 37
905770 36 32
905886 28 45
906335 28 36
906430 30 35
907051 27 30
907075 23 24
907909 44 36
908026 35 37
908777 20 36
908929 33 50
909230 39 46
909327 34 45
909985 32 47
910019 27 38
910291 24 23
910430 45 46
910516 36 31
910660 40 49
910889 32 37
911257 36 30
911386 34 40
911500 46 44
911509 50 44
912350 16 34
912363 16 33
912463 21 17
912537 25 35
912717 33 44
912981 31 45
912999 39 51
913065 36 59
913218 39 32
913341 37 46
913430 21 47
913683 43 39
913702 51 41
913800 37 41
913905 32 51
913947 33 43
914085 22 32
914384 32 34
914427 32 41
914958 23 26
914979 19 36
915109 10 35
915460 26 39
916325 33 40
916337 33 46
917165 27 35
917304 33 43
917405 38 37
917417 33 32
917648 30 40
917690 37 45
917723 27 35
918047 31 44
918215 36 33
918510 34 60
918569 36 29
918823 41 48
919080 29 33
919180 23 47
919220 10 22
919260 21 29
919423 25 33
919643 36 51
919647 35 48
919733 31 34
920188 42 33
920405 31 47
920444 44 48
920483 28 41
920501 31 37
920528 36 30
920773 38 34
920945 41 40
921052 24 44
921080 44 39
921315 32 35
921403 45 40
921419 40 39
921442 31 32
922091 39 41
922241 33 44
922516 39 35
922594 44 45
922881 46 36
923233 36 42
923247 39 46
923569 34 47
923658 19 45
923884 34 45
924127 33 47
924244 30 34
924334 38 35
924463 31 41
924491 29 32
924555 23 43
924906 32 38
925034 30 35
925354 29 34
925461 25 28
925663 18 34
925786 26 24
925838 28 49
925969 35 40
926439 20 33
926621 36 41
926812 21 34
926834 18 35
927422 48 31
927452 35 45
927497 38 43
927636 14 19
927912 27 36
928156 29 31
928302 18 23
928328 8 17
928624 21 34
930726 27 36
932582 24 34
933518 33 52
934431 26 36
934835 28 50
935514 28 41
936127 0 84
936340 42 44
937852 35 48
938131 31 51
939250 27 40
940190 0 81
940923 37 38
947534 31 36
948609 17 24
949485 26 38
950713 38 46
950784 26 49
950789 27 49
951028 18 36
951084 32 36
951520 30 37
951536 31 45
951625 39 52
952183 31 33
952258 46 56
952342 31 52
952465 27 46
952971 21 52
952990 26 65
953055 43 48
953262 15 16
953326 24 21
953601 34 43
953880 37 43
954045 36 42
954163 25 37
954224 29 37
954455 25 41
954605 34 44
954654 36 52
954823 39 37
954893 28 37
955164 35 29
955725 29 48
955761 29 54
955818 44 50
956166 36 51
956367 30 36
956532 33 41
956539 33 40
956541 33 40
956589 28 41
956829 34 34
957057 27 56
957060 26 56
957111 36 40
957506 23 48
958005 30 28
958249 33 46
958330 24 40
958366 38 36
958381 32 35
958474 34 31
958586 34 51
958619 35 46
959014 37 45
959095 29 54
959186 30 54
959542 38 46
959623 25 36
959675 26 42
959683 24 34
959698 30 41
959830 18 30
960041 26 34
960127 10 34
960137 9 41
960154 20 42
960224 17 37
960250 17 34
960472 46 41
960992 23 48
960995 23 51
961192 26 34
961231 35 30
961459 27 39
961561 28 45
961651 31 40
961663 35 39
961672 28 49
961684 28 56
961727 25 44
961957 25 29
961970 28 40
962185 18 53
962679 24 31
962713 30 39
963086 33 40
963156 29 33
963360 27 40
963388 18 26
963465 15 23
963575 29 58
963615 32 38
963803 28 43
963924 25 40
964050 33 50
964074 33 54
964128 32 28
964446 23 48
964499 35 39
964503 39 45
964587 26 43
964947 24 25
964992 30 34
965043 20 36
965211 29 34
965229 26 26
965290 38 36
965338 27 46
965344 28 46
965437 24 47
965654 21 37
966007 43 35
966213 33 59
966837 41 39
967071 23 41
967264 25 26
967298 29 29
967620 33 44
968699 42 33
968898 26 40
969876 28 46
970284 29 27
971369 27 41
972983 29 40
976118 18 24
982982 32 47
983186 34 45
985079 25 44
986291 31 38
986342 36 37
986363 37 44
986465 22 43
986650 31 37
986994 37 46
986995 36 47
987371 27 35
987604 27 51
987803 44 45
987902 39 40
987938 22 32
987977 34 43
987995 30 41
988460 21 39
988491 23 30
989074 27 39
989104 25 35
989606 45 57
989824 44 59
989827 45 57
990543 15 27
990754 31 48
990844 40 49
990871 29 53
990916 28 58
990937 23 61
991069 43 45
992597 30 42
993385 12 30
994566 0 69
994619 0 71
994740 35 38
1000555 29 57
1001655 40 40
1005019 38 26
1006038 27 33
1006146 22 31
1006706 28 40
1006855 32 48
1006973 37 58
1007065 26 29
1007080 23 26
1007198 22 31
1007609 36 33
1007690 36 35
1007747 26 33
1008638 30 41
1008700 45 47
1008782 26 33
1009474 36 38
1010867 37 48
1010930 39 53
1011165 31 45
1011166 27 47
1011436 33 42
1011650 25 35
1012058 39 52
1012568 38 50
1012745 30 48
1012803 42 45
1013588 39 46
1013782 25 34
1014013 34 54
1014328 46 43
1014915 41 32
1014972 35 41
1014988 37 41
1015104 30 60
1015539 22 21
1015743 40 28
1016095 29 41
1016181 41 37
1016920 28 37
1016929 29 34
1016967 29 25
1016978 36 27
1016998 31 34
1017004 35 42
1017048 23 40
1017077 25 34
1017332 30 39
1017449 27 37
1017592 32 38
1017714 34 36
1019195 36 30
1019280 28 40
1019332 32 31
1019353 21 34
1019761 26 49
1019821 29 46
1020072 47 36
1020114 38 36
1020115 34 33
1020138 35 33
1020157 41 34
1020172 41 29
1020241 28 36
1020313 28 22
1020316 30 20
1020433 45 28
1020601 29 31
1020987 29 39
1021222 45 27
1021286 31 39
1021401 31 43
1021440 33 43
1021459 26 38
1021460 26 40
1021467 30 39
1021489 43 33
1021573 23 40
1021576 26 39
1021735 39 24
1021804 48 34
1022204 29 40
1022286 54 29
1022325 38 38
1022507 35 40
1022566 48 47
1022891 41 36
1022929 31 45
1023097 35 36
1023316 34 38
1023409 34 39
1023540 58 42
1023796 56 52
1023819 58 46
1024012 13 21
1024013 13 21
1024164 50 28
1024249 40 33
1024261 37 34
1024505 33 34
1024743 39 37
1024889 26 33
1024976 17 21
1025141 33 34
1025145 33 36
1025148 33 33
1025219 33 45
1025416 30 41
1025698 36 29
1025729 29 28
1025749 26 31
1025797 35 40
1026004 29 39
1026099 17 40
1026201 43 40
1026204 43 39
1026239 47 31
1026334 43 32
1026519 24 28
1026523 27 24
1026577 39 29
1026861 22 22
1026876 31 30
1026885 34 37
1027473 38 47
1027479 41 43
1027551 34 37
1027569 43 54
1027611 40 47
1027713 31 31
1028129 31 30
1028151 27 28
1028301 24 29
1028476 19 37
1028518 30 27
1028678 36 42
1028679 37 43
1029023 33 24
1029048 27 27
1030085 35 46
1030195 26 41
1030234 28 38
1030572 36 32
1030575 33 37
1030599 35 39
1030603 32 39
1030609 33 41
1031513 38 55
1031566 32 46
1031684 42 29
1032011 36 23
1032045 11 6
1032233 27 40
1032439 31 41
1032803 46 43
1032817 50 37
1032853 34 26
1032865 29 22
1033414 29 26
1033759 39 28
1033891 41 34
1034023 20 28
1034069 35 25
1034194 41 30
1034260 47 44
1034320 39 38
1034680 42 39
1034749 27 46
1035224 46 34
1035692 38 49
1035751 29 31
1036108 35 25
1036319 32 41
1036564 28 44
1036848 34 31
1037309 36 44
1037705 28 31
1038196 24 38
1038357 28 42
1038541 27 29
1038945 40 35
1039153 26 30
1039432 62 0
1039501 31 27
1039694 29 44
1039759 20 35
1040059 25 29
1040068 26 36
1040314 29 31
1040527 45 51
1040782 29 37
1041067 29 25
1041898 28 37
1042076 26 30
1042082 23 28
1042129 31 38
1042299 26 35
1042378 22 32
1042436 41 51
1042444 38 49
1042670 42 39
1043086 27 35
1043154 28 34
1043281 28 21
1043663 25 49
1043697 25 47
1043698 24 47
1044156 41 34
1044363 30 40
1044651 32 16
1044765 35 33
1044835 31 39
1045326 35 37
1045356 24 37
1045401 31 42
1045486 31 34
1045639 35 34
1045776 39 47
1048926 41 42
1050097 28 36
1050447 39 20
1051113 44 45
1051440 43 38
1051791 36 25
1051801 37 24
1051803 40 24
1052018 29 30
1052163 36 37
1052188 33 32
1052273 41 39
1052341 35 23
1052378 37 39
1052497 32 21
1052560 39 44
1052592 38 30
1052605 37 28
1052615 37 31
1052621 38 29
1052676 39 36
1052685 40 37
1052742 27 18
1052772 35 26
1052825 26 32
1052838 36 38
1052952 39 30
1052993 36 40
1053089 25 41
1053364 24 39
1053413 33 36
1053475 33 31
1053514 32 30
1053838 25 33
1054276 27 37
1054308 28 41
1054309 28 41
1054387 28 43
1054919 34 18
1055111 39 33
1055148 32 42
1055155 30 43
1055172 26 42
1055414 32 30
1055551 18 21
1055652 38 27
1055714 24 16
1055727 20 17
1055947 36 33
1056102 38 27
1056259 34 30
1056562 29 54
1056566 30 49
1056757 33 31
1056897 46 44
1057010 28 29
1057044 23 25
1057220 27 38
1057415 43 43
1057693 34 33
1057756 34 30
1057867 34 34
1057930 24 27
1058604 25 24
1058896 27 19
1059049 36 28
1059051 38 27
1059173 22 34
1059200 29 39
