11 9 2
12 8 5
18698 49 61
19079 61 66
19190 46 51
19235 42 60
19418 46 35
19592 51 61
19607 52 53
19787 30 24
19818 33 22
19831 36 29
19876 26 53
19888 29 48
19909 25 32
20002 38 43
20018 47 43
20040 51 40
20156 30 37
20162 30 40
20199 48 48
20227 36 49
20234 36 52
20240 43 47
20300 51 42
20343 42 57
20365 53 37
20401 55 55
20422 37 53
20451 41 46
20601 33 48
20618 38 57
20629 32 53
20685 37 48
20944 10 17
21052 43 53
21251 41 45
21383 42 35
21404 38 42
21406 40 42
21692 67 62
21829 39 45
21836 38 42
21868 41 52
21956 45 59
21958 46 56
22018 57 41
22027 53 41
22048 39 59
22073 36 54
22077 38 45
22082 38 51
22200 52 61
22394 34 49
22435 30 36
22436 29 40
22442 34 36
22490 31 42
22508 27 42
22571 30 35
22602 51 41
22641 65 65
22752 45 47
22901 51 49
23029 46 39
23061 34 53
23158 28 37
23227 44 59
23567 38 43
23819 48 58
23825 44 62
23844 42 53
23845 41 53
23859 40 53
23980 60 64
24050 69 61
24178 53 39
24245 65 53
24278 47 53
24314 33 48
24322 25 49
24383 38 55
24590 43 48
24680 52 48
24734 42 55
24889 37 45
24892 36 44
24925 41 43
24947 47 41
25142 32 38
25332 19 24
25448 30 39
25492 46 48
25498 42 48
25544 35 34
25639 36 41
25816 44 44
25932 49 62
26175 47 51
26193 50 71
26361 52 57
26816 22 44
26921 34 32
27766 53 50
28083 52 37
28175 57 64
28251 62 40
28348 37 42
28430 46 62
28486 31 28
28675 33 50
28712 47 37
28823 51 32
28844 49 49
28867 39 56
29084 40 60
29136 53 53
29159 71 69
29413 53 53
29436 51 63
29439 51 57
29611 47 47
29772 37 60
29780 37 64
29947 36 55
29948 34 56
30011 37 56
30086 32 32
30100 1 67
30326 34 46
30767 30 42
30929 32 42
31127 54 57
31220 38 52
31550 37 40
31898 26 21
32579 28 41
33110 35 41
35977 47 55
36309 46 52
36660 22 39
37550 55 49
40117 38 49
45079 0 97
48831 35 39
49829 37 54
50190 50 63
52685 34 40
53267 46 74
55031 40 71
56779 30 67
61316 30 37
62372 31 55
63614 28 62
63673 34 44
63857 31 52
63862 36 55
65439 32 39
65515 27 45
65693 48 60
65726 49 56
65833 39 47
65839 28 49
65890 44 67
65990 49 72
66336 49 50
66593 33 45
66712 24 37
66944 46 58
67067 38 53
67245 40 45
67352 27 63
67365 32 65
67366 33 64
67724 29 49
68069 46 54
68251 33 57
68366 32 52
68371 29 51
68669 34 50
69004 38 59
69394 39 46
70017 30 51
70042 29 49
70122 39 43
70242 46 52
70539 13 25
71061 35 59
71639 22 54
71720 37 66
72985 35 47
73288 30 65
73364 34 68
73715 53 56
73828 32 65
74639 25 19
74870 33 66
75084 33 50
75901 36 50
75929 31 54
76055 40 47
76542 28 52
76601 39 42
76838 28 62
76840 28 63
76923 24 44
77022 25 52
77137 26 32
77218 34 39
77518 50 73
77741 38 43
78274 28 55
78392 40 61
79334 43 43
79796 43 59
79985 41 50
80021 44 49
80087 12 22
80878 34 54
81094 41 44
81238 34 48
82031 44 46
82169 40 61
82286 41 57
82319 35 35
82755 40 67
82777 46 79
82790 49 73
82944 36 56
83006 40 45
84449 34 38
84453 31 33
84502 30 51
84881 46 62
85268 52 66
85383 50 47
85630 42 65
86367 44 61
86677 34 38
86879 24 21
86976 29 48
87078 26 45
87284 15 23
87338 35 43
87685 32 62
88051 38 72
88067 42 72
88296 23 29
88420 25 40
88450 32 39
88701 43 61
88890 34 53
89130 37 67
89772 34 56
89862 35 42
90627 44 64
91610 32 43
91627 25 41
91949 39 48
91965 28 37
92360 9 16
92364 7 18
92526 44 52
92531 49 52
92533 48 57
92876 35 34
93017 19 45
93071 29 49
93100 30 41
93140 31 47
93159 35 40
93312 25 52
93339 34 49
93358 26 50
93486 41 69
93652 27 44
93660 24 45
93812 41 40
93952 27 61
94029 42 57
94030 41 57
94042 43 57
94170 30 53
94498 32 61
94520 34 70
94564 41 69
94615 22 38
94648 27 40
94679 41 52
95186 30 34
95354 13 22
95608 24 45
95639 27 70
95819 33 53
97427 33 66
97557 23 27
97597 37 41
97652 33 53
97826 34 59
98054 31 68
98258 42 69
98307 48 74
98469 39 63
98653 37 53
98694 22 68
99132 29 50
99255 36 74
99537 46 64
99665 45 58
100124 31 53
100148 34 61
100255 36 51
100680 24 40
101262 37 61
101727 25 54
101963 39 59
102247 36 62
102369 47 73
102469 34 58
103350 28 51
103522 37 63
103582 41 70
103612 53 63
103804 45 64
103884 35 58
103916 41 51
104466 30 63
104635 33 46
104677 34 52
107404 33 58
108686 32 70
108811 47 96
109031 37 55
109071 31 46
109153 34 38
109242 36 54
109355 27 59
109363 29 59
109398 33 54
109401 31 54
109425 31 42
109506 29 49
109575 34 54
109705 31 75
109727 33 62
109734 33 63
109763 27 53
109884 17 46
110062 51 79
110461 31 63
110707 48 77
110805 32 65
110986 45 64
111244 45 66
111421 27 61
111436 26 59
111824 34 55
111930 32 78
111938 35 86
111939 35 85
111991 44 78
112026 28 68
112137 16 48
112238 26 59
112276 39 68
112354 31 51
112356 31 60
112544 27 61
112687 33 72
112700 32 77
112730 41 66
113020 29 67
113066 29 50
113142 22 52
113143 24 53
113250 26 53
113365 34 76
113449 44 72
113492 37 77
113562 34 70
113658 37 68
113671 35 63
113756 36 58
113830 26 52
113901 27 32
114077 26 52
114212 24 53
114240 29 48
114309 40 53
114328 32 51
114527 37 64
114557 41 76
114647 23 64
114648 22 61
114657 25 64
114722 21 59
114770 34 65
114856 37 66
114986 26 67
115037 24 71
115045 30 70
115106 25 53
115269 16 56
115376 25 37
115398 24 49
115467 28 69
115484 28 54
115510 26 53
115583 31 65
115715 31 44
115806 31 42
115938 23 44
115946 16 32
116126 24 55
116312 27 54
116335 28 55
116400 29 48
116495 25 50
116522 28 49
116678 39 66
116684 35 65
116822 29 32
116978 27 56
117389 24 42
117458 24 46
117479 19 45
117482 18 43
117530 26 50
117786 26 46
117854 24 50
117950 27 58
118320 18 58
118335 25 56
118484 39 78
118638 25 56
119289 41 73
119328 24 68
120185 38 73
120193 1 108
120214 38 57
120548 36 59
120590 33 73
121204 25 57
121490 31 75
121535 36 71
121565 22 67
121809 29 39
121817 24 39
122008 2 22
122096 30 60
122136 29 42
122138 27 44
122338 24 38
122351 30 34
122928 29 64
124011 40 87
124293 32 77
124419 36 63
124640 27 47
125126 35 71
125847 19 66
126012 18 57
126201 34 79
126662 32 61
126689 24 58
126720 32 76
126767 35 68
126932 42 56
127004 38 78
127217 35 66
127232 27 66
127476 40 48
127485 44 40
127529 28 63
128381 24 60
129088 20 43
129762 27 64
130207 30 59
130727 26 56
131338 42 87
132608 22 65
133121 38 70
133676 28 51
134349 25 39
134765 26 54
135029 31 62
135853 20 66
136206 26 68
136287 35 88
136525 19 46
136963 0 86
136969 0 81
136970 0 79
138122 29 64
138151 28 64
138152 27 66
140995 29 65
141133 37 71
141388 19 49
141898 22 55
144377 29 54
144479 24 65
144820 17 81
145065 24 44
145778 23 82
148229 21 60
151306 21 59
151451 27 77
152079 25 51
152311 17 51
152569 26 74
152801 26 80
153155 13 38
155278 18 63
159669 16 79
160952 18 55
163449 20 61
165467 27 70
170544 26 72
173890 20 74
177776 23 85
179900 12 55
180327 23 91
180412 15 87
183088 18 85
184114 9 79
184953 8 58
185061 60 0
186043 18 69
187694 25 79
188708 9 50
189520 12 86
190353 10 72
191192 17 82
192415 80 0
192536 6 75
193482 103 0
194277 5 63
194407 18 81
194466 13 91
195525 8 57
196147 11 85
196695 6 63
196845 14 61
196849 14 68
196991 4 82
197186 18 109
197459 18 103
198637 14 57
198638 13 58
199043 7 103
199813 12 64
200350 7 89
200465 4 80
203413 9 85
207339 7 83
207362 4 79
210539 11 66
210685 11 78
210770 73 0
212855 9 61
213996 12 67
221190 8 71
223258 14 71
224908 10 58
226560 6 51
228374 10 82
228807 6 33
229358 22 114
231281 14 38
231283 15 44
234144 9 60
234177 8 68
234378 13 71
234472 9 61
234505 14 67
234548 11 76
234694 16 63
234767 12 50
234822 26 82
234824 30 83
234859 29 93
235332 13 67
235352 18 86
235798 11 90
235891 13 64
235940 19 60
236188 13 101
236237 26 76
236611 14 72
236638 11 67
236662 17 64
237080 17 82
237225 20 62
237608 15 66
237728 10 49
237814 16 74
237951 7 54
237982 15 42
238074 20 67
238148 17 69
238192 12 63
238301 12 87
238303 13 85
238370 12 63
238466 13 66
238667 12 63
238727 14 55
238758 17 76
238919 21 65
238970 13 54
239098 15 65
239575 9 81
239804 13 79
239896 14 75
240031 18 51
240159 20 85
240627 20 64
240793 20 70
241160 14 71
241422 7 52
241720 15 49
241757 5 66
241859 12 75
241905 13 68
242101 19 63
242983 13 86
243426 15 48
243795 15 35
243937 14 63
244131 14 49
244156 13 46
244378 17 88
244405 15 93
244615 7 57
244672 17 81
244708 14 68
244993 10 74
245473 22 60
245489 28 61
245635 19 85
245789 17 63
245823 20 56
246098 20 67
246274 14 34
246315 12 52
246480 14 72
246534 18 79
246582 11 85
246698 23 98
246798 14 70
246804 15 70
246852 14 68
246916 17 81
247009 20 91
247140 19 72
247320 25 94
247374 10 83
247377 10 93
247393 16 95
247449 15 80
247740 18 57
247888 20 96
247896 20 93
247920 14 65
247930 10 65
247958 10 65
248269 15 52
248314 19 84
248559 14 62
248615 17 73
248656 16 68
248752 16 62
249052 13 69
249539 13 79
249558 16 69
249601 20 78
249616 20 81
249635 10 78
249640 13 82
249723 26 101
249743 29 90
249899 14 76
250337 22 74
250359 19 86
250412 13 82
250583 25 80
250588 22 87
250697 19 67
250711 18 69
250891 5 41
250979 16 79
251134 17 44
251868 19 74
252448 19 83
252615 28 99
252766 9 34
252808 22 93
252815 28 94
253274 11 39
253770 24 60
253806 22 50
254014 23 76
254321 21 90
254691 12 75
254994 26 69
255134 11 44
255736 14 60
255899 16 61
256166 17 47
256202 24 68
256217 22 73
256226 20 82
256392 19 64
256508 17 47
256525 17 63
256528 19 60
256592 9 52
256650 22 67
256727 20 66
256737 21 63
256826 15 57
257091 17 59
257200 27 96
257316 23 70
257334 24 78
257366 24 73
257504 20 68
257654 23 73
257917 14 30
258268 19 69
258652 21 87
258928 14 73
259051 18 84
259210 27 74
259471 26 56
259762 16 52
259766 16 58
260002 27 77
260116 32 72
260197 31 72
260496 28 91
260852 13 47
261030 23 81
261053 25 81
261101 25 63
262367 27 65
262552 32 80
262607 33 84
262933 15 50
262942 16 44
263103 13 63
263142 21 62
263151 29 58
263230 29 59
263279 18 59
263502 19 64
264597 33 67
264903 18 61
264939 11 38
265134 31 70
265286 26 65
265316 14 42
265971 23 51
266094 23 76
266148 16 53
266577 21 56
266628 16 52
266631 14 50
266739 23 94
266889 29 72
266895 29 79
266899 28 82
266966 27 82
266973 28 69
267357 18 43
267477 23 68
268559 22 54
268599 20 50
268605 22 49
268836 14 42
269037 14 45
269053 20 63
269058 24 64
269215 24 45
269349 23 71
269358 28 73
269565 17 66
270839 17 50
270995 34 64
271759 27 78
271885 31 76
271960 26 59
272263 26 54
272455 25 64
272497 33 84
272572 36 90
272710 17 51
272974 34 73
273019 27 65
273481 25 76
273722 21 61
273894 22 62
274027 16 36
274041 8 19
274160 22 50
274162 22 48
274243 23 60
274580 19 66
275113 31 81
275215 23 70
275287 6 20
275969 30 59
276049 25 54
276224 24 44
276235 16 50
276391 23 31
276631 29 55
276713 25 62
276795 16 54
276838 18 54
276974 31 68
277307 26 51
277526 21 44
277541 20 45
277574 27 54
277604 19 53
277652 40 74
278461 20 61
278475 23 70
278491 27 85
278546 34 72
278633 1 79
278707 0 89
278709 0 91
278715 1 93
278984 1 87
278999 0 81
279188 26 61
279218 28 61
279224 33 59
279239 34 64
279272 23 64
279352 26 55
279488 33 67
279746 22 58
279975 24 45
280198 25 53
280340 23 73
280412 32 54
280717 29 63
281178 30 69
281289 35 65
281400 37 70
281460 22 39
281896 22 58
282094 40 71
282215 38 85
282385 21 51
282399 34 59
282495 29 64
282505 24 78
282741 22 41
282769 24 51
283638 12 29
283645 11 24
283710 13 37
283746 19 61
283794 35 58
284108 35 78
284270 33 59
284594 19 77
284627 25 60
284763 29 76
284777 29 81
284813 33 56
284882 32 61
284978 32 63
285138 41 71
286333 26 67
286348 27 53
286350 27 53
286729 23 69
286816 23 65
286864 35 70
287005 25 69
287010 26 63
287397 30 70
287409 28 63
287935 38 51
288047 33 65
288347 48 79
288473 34 56
288491 39 59
288572 35 58
288614 32 49
288740 35 62
288935 39 77
289396 31 46
289433 35 50
289538 35 58
289582 29 46
289627 41 85
289660 30 56
289669 31 56
289996 26 47
289997 25 45
290016 22 44
290058 22 42
290159 17 37
290328 37 54
290359 30 48
290595 31 55
291216 30 79
291384 84 0
291386 81 0
291459 37 50
291969 32 38
292042 22 24
292251 27 50
292312 28 51
292518 31 48
292529 31 48
292618 26 48
292858 46 62
292952 24 32
293009 26 45
293060 25 56
293333 29 48
293404 24 53
293839 29 57
293882 21 30
294090 27 46
294289 31 41
294637 32 57
294718 26 51
295045 29 65
295063 25 65
295292 28 57
295360 32 67
295384 36 62
296236 28 57
296473 15 37
297011 21 40
297157 35 57
298644 22 42
299124 31 69
299174 41 68
299209 30 59
299315 25 56
299526 24 54
299532 33 67
299734 28 43
300539 33 54
300917 46 54
301123 38 47
301291 23 49
301957 40 64
301966 43 62
302144 24 45
302196 40 59
302282 29 47
302332 28 72
302440 28 60
302671 27 61
302764 42 66
303516 25 46
303601 23 28
303604 21 27
303878 37 47
304243 34 62
304352 49 71
304381 42 61
305200 26 62
305324 39 72
305397 34 61
305614 33 70
305731 44 54
305736 42 63
305771 30 66
306415 40 57
306665 17 45
307503 41 53
307601 34 53
308630 37 53
308703 30 55
308802 30 54
309238 46 77
310006 24 42
310404 33 54
310613 36 63
310770 34 66
310983 27 48
311265 25 53
311616 33 72
311784 38 39
311889 17 39
311937 27 49
312135 38 66
312163 41 67
312168 36 70
312399 29 56
312573 39 49
312732 30 60
312984 32 57
313107 30 65
313320 34 65
313374 37 53
313809 29 46
313812 34 46
313848 28 57
313878 31 57
313965 26 43
315348 33 51
315383 28 49
315459 20 44
315521 31 43
315642 28 43
316223 34 52
316490 29 51
316628 30 60
316991 30 53
317117 22 47
317498 27 37
317534 43 66
317605 49 64
317614 44 54
317989 43 77
318033 28 34
318348 49 59
318570 36 63
318879 25 43
318969 29 57
319560 31 69
319635 32 66
319896 38 43
320465 17 49
320814 38 52
320834 30 60
320904 51 74
321077 35 50
321084 40 58
321294 32 66
321345 40 63
321460 40 83
321603 23 42
321772 48 60
321825 39 64
322042 40 45
322071 29 51
322311 43 60
322903 39 56
323271 43 60
323467 20 47
323570 32 45
323599 29 52
323636 33 45
323645 27 45
323709 25 67
324014 38 63
324173 32 64
324449 38 47
324470 54 53
324662 45 58
325271 26 55
325334 36 67
325403 33 45
326213 32 51
326408 22 18
326975 52 70
326981 54 70
327112 40 49
327373 21 33
327506 24 38
327514 24 36
328168 42 52
328471 37 59
328528 33 44
328635 44 57
328804 54 50
328989 42 51
328990 41 48
330265 46 54
330526 40 60
330832 34 50
331041 37 65
331044 38 63
331075 39 64
331078 40 61
331090 36 57
331273 28 46
331395 35 57
331937 49 48
331984 23 55
332094 30 55
332157 24 48
332566 40 47
334170 46 70
335529 33 60
335835 36 48
336413 43 30
336436 33 42
336921 21 38
336975 31 39
337003 44 56
338262 41 61
338295 31 44
338892 36 47
339111 36 50
339377 61 57
339393 44 62
339496 35 68
339567 44 69
339777 29 49
339830 33 54
341688 36 51
342319 37 49
345678 45 49
347029 36 22
348674 38 28
355836 37 39
356572 34 49
357193 1 81
357438 31 35
357723 30 53
360406 26 39
361284 45 50
361865 45 30
362425 37 36
364406 33 38
364988 30 60
365170 37 41
365389 41 34
367056 29 47
367673 41 49
367859 42 44
368150 50 48
369632 17 13
369646 17 17
370090 29 48
370156 33 24
370176 35 26
370434 40 48
370558 38 28
370785 47 52
371097 27 57
371483 36 38
372955 42 44
373553 26 22
378260 29 45
379693 38 36
380248 47 72
380270 40 56
381157 50 55
381256 45 41
381370 35 48
381823 58 63
381898 42 44
381902 43 41
381911 42 34
382117 50 50
382258 37 41
382340 37 32
382385 20 21
382405 24 31
382560 41 72
382590 44 42
382777 47 36
383137 37 28
384824 40 53
386305 23 32
386390 25 24
386841 33 55
387257 42 54
387634 63 55
388450 29 28
388456 33 31
388762 33 33
388801 42 52
388930 58 45
388945 53 44
389118 47 61
392412 33 33
397180 49 48
397486 51 41
397605 27 26
400451 49 40
401564 41 37
405362 38 44
407847 42 23
408647 56 54
408660 54 57
411161 55 45
413007 41 34
415732 29 17
416876 53 47
416918 68 31
417289 54 53
417956 63 52
418313 49 41
423791 42 37
423854 65 41
425418 48 59
425540 30 38
430049 44 34
431739 43 39
431754 45 41
433955 40 49
438484 52 30
439038 65 21
439662 47 34
442615 43 22
442873 32 23
444126 52 40
444168 45 29
444569 50 48
444593 51 39
444668 32 28
444766 32 26
444770 32 29
444806 52 34
444929 47 35
445043 59 39
445082 55 34
445085 49 32
445132 57 38
445179 40 39
445227 39 40
445298 23 31
445923 60 43
446197 70 42
447548 42 35
448368 61 37
449184 24 19
450044 54 25
450246 51 29
451397 28 20
460011 1455 2633
490736 46 31
490778 56 39
490779 55 39
490822 37 30
490980 64 34
490994 60 30
491106 38 29
491119 43 31
491270 41 43
491271 40 43
491308 54 27
491675 53 33
491686 46 30
491705 44 26
491711 39 25
491811 39 25
491843 48 24
491852 48 25
491878 42 30
491882 40 32
491897 38 27
492576 46 31
493580 48 38
493682 44 31
493694 41 28
493775 43 40
493843 60 28
493919 48 29
494318 60 31
494432 25 22
494492 39 21
494710 50 44
494712 53 40
495003 39 26
495345 48 26
495808 47 24
496219 50 22
496435 59 46
496836 48 24
497836 44 25
497944 45 40
497971 57 47
497973 0 101
497991 2 103
498060 44 43
498295 53 42
498324 51 34
498458 43 23
498922 57 41
499675 42 24
500002 44 29
500140 57 43
500276 31 31
500367 35 22
500417 44 34
500418 43 33
500492 42 27
500588 34 36
500834 51 37
501111 55 42
501204 51 26
501435 52 45
501513 57 52
501528 62 52
501623 63 51
501645 64 43
501702 63 43
501735 60 39
502073 38 28
502282 46 32
502332 37 28
502344 39 29
502354 39 33
502412 61 45
502532 55 39
502605 38 29
502626 42 33
502762 0 90
502763 0 86
502764 0 86
502809 1 76
502836 0 93
502837 2 93
502895 57 34
502958 56 37
503087 35 20
503194 43 30
503205 49 26
503278 52 38
503303 69 38
503513 53 53
503636 67 46
503711 55 41
503786 61 35
504005 79 42
504089 66 40
504212 52 39
504237 47 38
504353 51 41
504508 77 50
504584 39 26
504666 48 39
504702 67 46
505017 58 41
505065 48 38
505090 69 41
505155 57 56
505347 66 36
505761 52 46
505927 35 22
505938 33 18
506248 38 26
506557 51 25
506656 53 34
507076 50 55
507214 44 39
507813 46 23
507918 53 32
507954 51 35
508025 50 29
508029 49 29
508092 58 45
508185 32 24
508275 15 25
508295 14 18
508386 38 22
508473 38 19
508530 52 30
508612 51 27
508650 50 22
508719 40 41
508854 52 37
508893 57 37
508921 58 28
508980 56 42
509280 38 32
509325 59 38
509343 52 44
509439 63 45
509613 36 34
509643 42 36
509787 70 38
509797 67 40
509983 73 25
510269 51 36
510380 55 29
510470 59 31
510487 70 40
510508 65 28
510560 54 35
510902 49 18
511072 56 35
511198 49 37
511341 48 49
511774 52 34
511885 52 32
513002 25 23
513013 27 29
513650 64 51
513652 67 50
513766 60 47
514237 67 42
514238 67 43
514239 69 41
514438 65 38
514582 55 28
514635 54 47
514833 47 29
514846 50 36
514923 39 20
514957 31 26
514966 29 28
514980 26 27
515007 47 26
515082 46 33
515237 27 22
515451 52 42
515517 76 58
515571 61 45
516198 69 50
516237 71 34
516694 41 33
516897 56 32
517095 61 35
517115 63 41
517339 48 41
517580 53 25
517615 70 44
517748 37 20
517821 24 23
518096 53 35
518202 48 34
518291 58 43
518453 37 40
518560 61 52
518618 58 42
519158 37 20
519164 38 19
519350 64 46
519432 58 36
519440 60 32
519647 46 26
519667 43 30
519689 33 34
520062 54 35
520934 56 31
521147 50 38
521278 42 28
521381 47 34
521644 63 40
522609 31 13
522915 56 36
522947 43 37
523175 56 49
524919 51 25
525197 83 51
525386 53 32
525540 36 53
525792 46 39
525801 55 38
526231 56 26
526266 52 32
526398 47 33
526415 42 31
526551 48 30
526686 58 33
526780 46 24
526818 57 35
526821 58 34
526848 66 38
526923 46 30
527013 44 35
527112 67 33
527583 42 38
527716 34 35
527874 54 31
528192 65 46
528744 50 31
528750 80 0
528801 71 30
529056 54 39
529569 62 34
529575 57 30
529587 52 34
529716 69 41
530016 61 29
530175 65 53
530262 70 51
530351 54 21
530378 56 37
530559 22 30
530693 30 19
530731 13 9
530781 35 24
531362 62 34
531752 70 33
531797 63 35
531848 42 32
532085 46 44
532147 67 30
532256 55 34
532382 67 41
532541 60 30
532556 65 30
532724 47 31
532748 58 35
532790 51 30
532862 58 31
532985 47 28
533082 45 37
533802 72 35
536834 55 31
537572 50 24
543142 62 39
543241 37 25
543481 47 22
543737 36 17
545568 52 26
545674 60 28
546356 45 22
548126 53 34
548328 41 16
548453 46 26
548552 42 21
549298 57 47
550374 27 18
552833 79 37
552875 57 39
553064 48 31
553071 48 37
553130 57 21
553148 60 24
553634 58 24
554134 63 37
554205 61 37
554262 64 46
554451 47 41
554491 37 32
554695 64 38
554932 52 42
554938 55 43
555433 71 41
555994 50 35
556057 60 29
556428 48 18
556750 54 21
556880 71 37
556962 53 33
557015 58 35
557325 44 29
557421 49 25
557853 58 26
557862 66 25
557980 57 33
558666 51 40
558946 72 35
559253 68 45
559512 38 30
559542 46 32
559668 81 31
559836 67 37
559899 65 35
560025 56 34
560520 63 37
561786 52 28
561976 57 26
562047 56 42
562071 57 29
562306 53 37
563187 49 24
563208 60 26
563209 59 26
563583 56 32
567958 60 27
568115 53 30
568226 68 27
568450 49 25
568547 61 35
568918 58 33
569540 50 34
570033 69 40
570429 59 30
570677 60 18
570787 46 32
570844 78 35
570915 60 27
571413 54 46
571752 50 27
571773 46 22
571810 58 18
571827 51 23
572012 33 21
572165 69 21
572187 58 28
572295 55 29
572947 40 20
574951 48 36
575258 63 30
575474 52 37
575798 62 31
576168 71 35
578338 40 20
582504 63 31
583134 53 31
583479 59 36
583526 61 38
585710 36 14
586256 57 19
586322 65 24
587582 34 14
587885 56 25
591466 31 18
591553 55 25
591569 61 31
591956 41 19
591979 32 23
592354 81 42
592680 53 21
599144 54 29
599196 44 16
599207 43 18
599483 59 23
599987 54 26
601490 72 26
603025 57 25
604414 77 36
604896 39 14
605257 45 16
605538 61 23
607076 57 22
607091 63 28
607172 42 14
607201 32 13
607345 70 25
607532 67 28
607615 24 9
607638 31 8
607681 74 30
607708 64 30
607723 54 24
607738 60 24
607780 49 22
607791 53 21
607792 54 21
607815 53 16
607923 47 19
607924 46 18
607999 70 15
608023 55 12
608103 55 25
608137 73 24
608155 68 25
608156 67 25
608473 72 20
608667 53 24
608674 53 24
608686 56 26
608710 61 25
608725 57 35
608749 52 30
609040 59 24
609088 56 23
609127 54 19
609214 79 15
609309 52 19
609381 68 28
609489 67 27
609556 77 18
609573 73 24
609590 72 27
609628 64 35
609689 56 29
609792 61 16
611180 56 19
611770 71 25
611780 73 16
611974 61 26
611995 66 19
612203 34 9
612239 43 15
612359 76 18
612480 77 22
612517 69 16
612785 88 23
613114 69 33
613219 78 24
613369 93 20
613381 95 19
613465 68 21
613480 69 20
613483 67 22
613528 24 6
614131 47 10
614137 34 19
614179 30 10
614287 20 5
614305 18 4
614370 52 23
614412 47 15
614424 32 11
614457 42 8
614709 63 16
614741 70 20
614752 61 23
616057 78 25
616888 68 26
617209 88 29
617373 61 19
617707 50 19
617866 62 21
618109 72 24
618280 67 15
619024 76 13
619342 62 20
619477 62 11
619651 85 28
619732 70 21
619753 85 27
619972 72 11
620542 72 21
621040 69 23
621337 59 23
621514 63 13
621547 77 27
621604 68 22
621673 92 28
621898 75 19
622069 44 10
622345 44 25
622970 55 13
623000 49 13
623060 42 7
623495 56 21
623831 79 25
624956 66 17
625038 49 13
626423 15 9
627008 66 9
627202 81 21
627275 77 17
627362 68 21
627371 63 22
627544 57 12
628216 43 7
628275 55 21
628362 50 12
628366 51 14
628425 69 10
628811 0 108
629442 59 15
629691 71 16
629915 63 16
629975 80 15
630049 85 17
630315 59 12
630551 73 13
630569 57 9
630871 87 15
630918 89 21
630959 92 17
631178 54 11
632012 76 16
632063 72 21
632068 68 24
632079 76 18
632382 67 17
632672 75 27
632838 47 11
632911 60 15
632987 80 13
633128 59 12
633131 66 13
633150 78 19
633164 72 15
633200 73 14
633303 79 22
633317 84 18
633348 71 14
633356 66 12
633478 81 17
633783 70 16
634220 53 15
634489 68 26
634507 71 22
634591 88 17
634861 53 12
635026 42 15
635188 79 12
635221 85 12
635383 72 22
635392 74 20
635618 67 17
635887 76 15
636133 35 9
636166 33 3
636270 75 19
636685 59 13
636691 64 14
637194 102 17
637237 88 19
637468 79 24
638088 74 19
638412 79 19
640446 88 24
640497 73 17
641407 57 11
641416 47 14
642133 69 22
642189 70 17
642816 81 15
643161 80 11
643839 72 12
643915 111 18
644076 71 16
644082 75 19
644136 99 17
644552 90 13
645079 73 11
645339 71 19
645453 74 22
645540 81 15
646706 79 24
646849 83 18
646862 92 20
647018 89 10
647096 89 16
647372 79 17
647513 88 19
647723 106 16
647753 97 15
647779 80 18
647789 84 17
647855 92 22
647937 83 12
648650 101 22
648878 58 15
648954 71 14
649037 66 10
649259 74 9
649838 80 9
650213 50 9
650261 63 10
650768 76 15
656892 50 8
657023 71 15
657028 68 19
657042 70 24
657050 73 21
657235 33 3
657493 32 7
657537 49 11
657603 45 11
657632 41 8
658055 81 12
658600 73 10
659351 77 25
659770 92 21
659917 57 10
659920 62 12
660047 88 20
660372 69 12
660473 80 7
660623 44 14
660917 78 15
661445 86 10
661751 36 12
661865 61 15
661928 98 21
662008 84 15
662312 89 14
662354 84 17
662495 70 10
662516 91 15
662628 75 21
662711 101 21
662979 56 9
663018 60 15
663333 80 12
663369 101 14
663840 83 13
663891 74 21
664140 67 10
664158 81 18
664659 100 16
665237 52 10
665344 76 20
665346 81 19
665367 85 12
665414 107 15
665752 64 20
666391 78 12
666396 75 11
666936 68 16
667632 110 15
667774 55 15
667878 91 15
668208 52 20
668242 53 24
668245 58 20
668551 59 13
668900 63 8
669014 58 4
669044 57 10
669054 62 15
669186 42 9
669187 46 9
669188 44 10
669237 58 15
669291 55 8
669294 53 12
669309 54 8
669898 72 14
669921 66 15
669991 57 12
669995 64 10
670010 73 14
670062 67 21
670461 57 14
670865 65 8
670934 63 18
671000 65 16
671033 77 15
671168 66 14
671258 49 9
671311 69 11
671324 67 14
671464 60 17
671466 56 17
671556 70 13
671564 83 15
671670 89 18
671704 86 19
671822 65 11
671957 75 15
672243 68 20
672266 74 23
672294 78 13
672318 63 15
672356 75 19
672395 68 12
672506 82 15
672557 75 14
672638 51 17
672684 65 14
672779 69 14
673081 58 14
673091 63 16
673112 56 15
673275 74 21
673534 75 11
673540 70 17
673887 51 11
674153 63 13
674200 83 13
674616 56 8
674648 73 9
674712 64 16
674764 62 12
674782 58 7
674878 68 15
674976 66 9
675043 57 16
675395 61 15
675408 63 18
675925 77 19
675926 75 18
675962 59 10
676077 54 14
676610 54 15
676613 51 16
676886 68 17
676926 60 13
676938 65 13
677006 74 14
677133 66 21
677165 51 18
677324 81 9
677676 74 14
677700 69 18
677901 88 16
677907 91 14
677958 94 19
677992 83 22
678097 53 18
678195 55 22
678278 69 22
678532 68 16
678620 68 16
678646 83 21
678752 72 9
678794 54 13
678818 54 10
679181 50 12
679404 51 10
679497 58 13
679601 59 20
679808 66 13
680006 34 9
680160 86 15
680347 62 26
680365 62 24
680500 64 22
680927 55 18
681098 37 9
681564 63 14
681615 57 26
681852 86 16
682249 66 18
682831 83 21
682840 82 21
682875 75 20
683406 58 17
683463 58 14
683589 41 7
683799 81 23
683859 73 12
684069 61 23
684168 83 23
684642 73 11
684651 75 10
684654 77 9
684786 73 17
685229 60 14
685722 65 18
685854 77 22
685893 83 30
686001 62 23
686214 74 30
686637 50 22
686724 74 16
686786 60 23
686790 71 28
687647 31 13
687663 49 15
687736 50 14
687770 53 12
687808 57 12
688078 24 15
688147 59 19
688228 38 20
688238 32 18
688247 26 15
688264 18 11
688266 16 11
688327 57 19
688348 39 17
688418 28 12
688425 28 11
688605 35 12
688607 33 12
688734 66 16
688773 79 15
688790 82 22
688903 34 15
689123 37 17
689148 50 15
689217 60 14
689501 0 89
689503 63 23
689511 49 24
689528 51 18
689588 51 9
689627 56 16
689720 59 19
689794 54 19
689917 43 12
689956 58 6
690163 72 16
690250 57 13
690275 47 9
690281 47 5
690476 51 15
690480 58 15
690498 60 13
690767 63 13
691333 54 18
691606 54 21
691648 57 10
691717 62 28
691843 61 21
691867 70 20
692161 81 19
692182 71 20
692875 88 21
693268 56 17
693580 81 18
693616 77 23
693688 77 12
693757 63 5
693787 58 17
693905 66 23
694171 56 14
694212 56 15
694319 75 19
694378 70 21
694827 58 19
694842 70 20
694916 52 14
694940 51 20
694952 36 18
694983 17 6
695014 8 8
696351 73 23
696796 74 17
696863 64 31
696991 47 14
697199 69 15
697262 57 21
697760 63 23
698945 73 34
699068 66 24
699182 67 20
699567 54 17
699871 41 9
700112 66 22
700525 69 29
700891 69 20
701266 27 13
701541 59 22
701666 72 19
701794 60 14
702076 70 23
702205 45 16
702364 69 19
702385 82 18
702586 79 20
702678 63 19
702789 60 26
702991 61 23
703357 66 29
703408 83 30
703573 70 20
703612 69 19
703660 68 31
703816 63 22
703972 65 23
704387 73 19
704794 66 17
704830 61 18
704993 86 25
705030 58 22
705094 66 14
705097 63 17
705119 57 13
705129 56 16
705192 45 24
705210 59 22
705222 66 25
705603 54 21
705705 72 32
705728 62 27
705750 58 23
706113 61 18
706445 86 26
706748 72 27
706757 72 27
706781 77 25
706790 76 25
706808 75 23
706907 62 15
706967 57 26
706979 62 20
707021 66 19
707099 48 16
707239 55 13
707303 56 33
707306 60 35
707319 59 28
707645 58 29
707758 52 12
707759 53 10
707773 60 13
707951 77 19
708039 75 30
708186 38 23
708262 75 21
708384 28 9
708426 50 12
708568 78 27
708596 76 32
708797 56 31
708815 64 32
708838 73 22
708841 69 21
708956 61 18
709060 93 29
709064 94 29
709103 64 22
709176 75 26
709385 67 18
709880 73 19
709889 66 21
710057 80 27
710069 78 23
710091 58 15
710117 50 12
710158 24 4
710162 25 4
710168 24 4
710216 36 23
710284 43 18
710359 41 15
710494 56 19
710636 53 28
710705 53 13
710710 61 14
710872 72 25
711046 52 16
711059 57 19
711068 55 19
711313 60 22
711338 56 24
711355 50 29
711433 50 27
711838 54 26
712041 52 20
712135 55 29
712303 58 35
712325 56 19
712943 61 28
712959 58 21
713060 38 13
713069 39 12
713181 51 20
713421 67 25
713480 60 22
713508 59 23
713514 62 18
713517 64 17
713544 71 21
713645 69 27
713694 90 33
713844 69 19
714003 69 19
714021 76 21
714063 86 19
714135 89 20
714159 95 30
714186 93 32
714201 60 32
714303 82 34
714321 78 29
714327 78 30
714408 67 28
714440 78 30
714547 52 30
714588 50 22
714642 65 18
714967 43 20
715069 55 18
715074 55 18
715236 66 22
715596 58 15
715623 44 18
715773 52 29
715868 60 28
715887 66 25
715890 62 30
715956 60 28
715983 66 24
716178 70 29
716370 54 18
716400 60 26
716595 60 25
716778 63 24
716853 60 21
717137 18 10
717182 45 21
717476 64 18
717530 50 15
717713 64 19
717898 78 23
717950 53 18
717953 54 19
718155 38 20
718171 34 15
718212 24 10
718267 21 3
718279 23 4
718480 52 18
718516 55 28
718522 47 31
718594 60 22
718822 62 24
718897 38 21
719037 47 19
719107 57 20
719401 68 27
719437 79 32
719510 59 21
719619 59 18
719859 82 27
719911 68 33
720527 40 14
720540 35 13
720587 26 18
721258 53 30
721789 29 19
721984 53 26
721985 54 26
722024 64 27
722080 67 27
722345 63 36
722381 75 39
722448 70 27
722594 60 32
722618 67 34
722658 47 35
722746 74 33
723253 73 27
723284 77 24
723291 73 22
723320 49 24
723330 43 25
723331 42 24
723343 45 27
723356 58 33
723464 63 28
723592 68 31
723740 46 24
723999 37 19
724119 58 40
724535 55 17
724902 46 22
725539 76 25
725543 79 22
725579 62 22
725585 60 23
725937 60 1
726026 71 39
726162 58 24
726450 55 31
726581 50 22
726849 69 29
727095 57 22
727107 71 30
727329 62 28
727455 79 24
727540 66 22
727902 78 30
728028 47 24
728083 42 27
728084 43 25
728636 68 30
728728 50 24
729243 69 29
729939 58 25
729963 57 41
730686 63 40
730720 76 42
730779 56 34
731013 80 38
732436 34 22
732855 58 43
733838 59 25
734158 58 21
734457 50 22
736155 59 27
736353 76 32
736587 70 26
736740 65 41
736758 59 38
737370 61 21
737571 34 16
737777 61 34
737805 64 30
738098 49 23
738126 56 15
738354 68 17
738993 57 38
739052 57 44
739068 61 26
739185 72 23
739412 60 32
739625 55 34
739959 80 33
740406 58 33
740814 51 30
741117 56 36
741198 70 27
741423 75 27
741984 43 24
742074 58 25
742089 61 24
742175 50 31
742200 52 25
742203 52 23
742353 79 39
742788 51 20
742980 61 18
743014 60 26
743136 57 30
743184 67 28
743190 61 25
743205 69 29
743764 38 32
743918 44 33
744125 38 22
744208 28 21
744417 66 42
744447 77 25
744567 69 32
744886 32 13
744924 37 21
745461 44 28
745465 47 27
745553 47 21
745661 55 35
745672 50 34
745707 63 33
746037 43 18
747359 62 37
747375 73 38
747530 48 22
747878 50 31
747901 58 38
747930 42 25
748237 74 39
748300 72 30
748363 70 27
748417 54 30
748498 57 29
748573 55 38
748732 58 31
748736 60 33
749137 57 22
749274 59 39
749303 62 32
749547 64 28
749674 45 34
749794 70 39
749935 53 23
750223 53 0
750325 51 18
750338 51 17
750486 63 31
750622 57 25
750670 51 33
750836 55 35
750943 47 29
750945 46 29
750989 52 18
751143 58 23
751399 43 25
751825 62 36
751828 67 36
751891 49 11
752104 63 30
752119 57 21
752259 39 19
752260 42 18
752594 49 40
753080 53 17
753526 51 30
753572 44 36
754315 54 29
754318 52 28
754378 43 32
754390 38 27
754652 60 22
754860 46 28
754946 57 39
754979 60 20
755192 48 32
755554 48 30
755891 62 32
755942 72 27
755969 59 33
756138 43 23
756159 51 19
756806 69 32
757021 50 25
757069 31 20
757091 46 25
757132 58 29
757764 70 37
757818 60 27
758083 54 32
758100 45 24
758247 64 28
758415 65 28
758418 68 26
758452 66 31
758456 65 31
758493 55 37
758525 79 36
758596 42 21
758854 67 37
758960 48 32
759016 43 32
759163 66 24
759217 54 42
759269 54 23
759843 58 25
759861 49 25
759873 42 27
759888 50 34
759986 60 33
760015 0 83
760026 52 28
760164 56 28
760200 56 25
760344 33 13
760391 44 29
760397 52 31
760503 74 35
760640 43 35
760653 45 35
760720 46 35
761013 66 31
761051 54 42
761144 73 31
761209 57 22
761213 56 24
761322 60 23
761334 65 33
761395 49 41
761425 58 23
761501 63 35
761601 52 32
761921 44 30
762048 55 36
762110 52 37
762179 72 27
762219 50 11
762442 30 17
762491 31 17
762816 54 31
762845 93 0
762937 47 32
763150 55 28
763198 54 26
763213 41 24
763324 41 35
763411 51 31
763501 55 17
763665 45 35
763741 44 28
764239 57 29
764338 47 31
764388 53 29
764397 51 29
764453 62 33
764480 53 23
764613 53 19
764622 54 19
764780 60 40
764795 67 35
765046 71 43
765565 66 38
765604 64 44
765880 62 28
765919 64 34
765920 63 34
765943 74 38
765970 58 39
765988 57 32
766005 55 37
766038 39 39
766224 53 30
766488 23 13
766774 64 46
767025 102 0
767026 105 0
767242 58 28
767243 57 28
767251 64 32
767368 52 33
767419 42 23
768099 39 20
768576 44 30
768622 49 20
768835 51 26
769192 18 2
769225 39 16
769311 34 25
769887 57 31
770181 63 24
770322 53 37
770363 47 29
770487 49 28
770629 71 34
770841 59 25
770845 58 26
770889 61 38
771717 53 28
772089 53 34
773246 51 24
774095 50 24
774719 58 19
774797 61 35
774848 46 32
775103 34 17
775523 40 26
775536 37 30
777176 58 35
777783 89 44
777813 73 37
777867 65 37
778283 58 31
779221 64 54
779606 62 41
780113 73 37
780549 67 43
780727 48 36
780840 41 19
780980 39 19
782001 51 48
782079 39 24
782203 55 35
782838 50 33
782904 65 34
783054 59 37
783529 31 31
784217 42 34
784819 32 29
785226 49 60
785339 51 33
785349 51 32
786200 43 33
786232 39 31
786287 34 30
786332 30 20
786374 46 32
786551 42 33
786561 32 25
786825 31 50
786990 51 33
787038 47 19
787059 56 23
787305 34 26
787306 31 26
787381 42 26
787509 57 50
787755 51 39
788349 58 45
788474 60 47
788535 55 38
788547 66 41
788600 53 44
788614 55 40
788625 53 47
788637 60 50
788662 66 45
788681 75 36
788814 62 44
788873 49 40
788972 74 44
788986 82 48
789046 71 36
789614 57 45
790026 47 29
790300 48 39
790396 44 43
790483 34 32
790499 39 33
790746 50 38
791004 66 39
791116 71 57
791307 36 41
791349 53 39
791496 35 45
792122 44 45
792202 41 25
792264 33 38
792276 41 44
792416 45 44
792537 59 49
792555 64 50
792570 56 53
792639 41 45
792640 42 45
792643 43 44
792690 40 31
792701 32 21
792736 29 39
792746 32 38
792820 29 19
792825 28 19
792874 33 35
792895 39 37
792971 34 35
793008 34 35
793292 45 46
793334 41 34
793352 44 34
793420 45 29
793517 48 37
793518 48 38
793538 53 38
793554 56 41
793557 48 48
793650 46 36
793680 38 46
793688 33 48
793694 26 44
793795 30 32
793902 50 48
794237 51 43
794426 49 43
794439 38 55
794632 39 27
794637 40 25
795035 31 28
795311 28 33
795547 30 27
795918 47 45
795939 38 41
795998 36 35
796024 36 31
796041 39 28
796073 30 21
796092 26 33
796131 53 43
796412 36 39
796438 45 32
796573 37 32
796620 51 36
796702 40 37
796777 39 31
796781 42 33
796813 38 34
797022 17 23
797626 57 34
797756 33 50
797944 57 42
797989 42 37
797995 48 43
798013 45 25
798049 39 31
798120 36 37
798280 55 57
798475 66 34
798537 40 37
798682 44 44
798841 56 46
799084 55 29
799106 62 44
799109 63 42
799246 42 58
799387 51 38
799489 51 38
799627 23 30
799692 37 28
799946 48 41
800194 55 38
800239 45 45
800494 50 37
800644 31 36
800671 40 43
800854 34 46
801095 29 34
801106 23 31
801183 37 25
801256 54 30
801530 40 28
801971 40 35
802065 53 39
802286 43 33
802667 54 36
802766 43 36
803012 46 28
803021 50 35
803025 46 42
803069 69 52
803174 38 60
803214 34 32
803429 38 51
803491 49 40
803545 51 44
803735 46 61
803753 49 60
803772 49 53
803774 50 58
803832 64 50
803864 61 52
804053 47 22
804203 51 41
804367 62 32
804611 40 29
804682 45 32
804893 58 33
804977 56 42
805189 43 30
805436 49 28
805451 48 29
805553 51 37
805709 56 40
805895 41 59
805969 46 33
806178 42 60
806727 46 40
806742 52 37
807003 51 41
807073 47 53
807119 45 33
807137 39 27
807150 31 26
807177 37 34
807182 40 33
807249 45 33
807280 41 35
807360 41 44
807454 35 34
807495 35 22
807507 31 25
807560 52 45
807602 57 43
807707 43 33
807736 35 31
807750 41 30
807794 38 37
807812 38 37
807828 32 36
807869 51 37
808045 50 40
808082 50 36
808097 49 35
808188 52 50
808208 47 50
808278 53 48
808433 38 44
808451 42 39
808467 44 32
808556 41 41
808606 41 42
808622 52 46
808678 67 37
808707 52 36
808733 50 33
808840 57 39
808891 49 45
808949 50 50
809004 60 51
809042 68 33
809079 69 46
809081 66 42
809129 48 52
809131 51 50
809136 49 45
809332 38 37
809342 44 40
809433 50 26
809475 52 36
809476 51 39
809768 53 43
809988 55 54
810046 51 49
810051 51 47
810175 39 71
810265 52 30
810332 38 48
810422 62 41
810442 58 47
810673 39 37
810701 40 39
810736 50 40
810793 59 49
810820 31 40
810829 37 36
811063 48 52
811112 31 48
811300 40 44
811333 36 43
811384 46 36
811432 55 46
811470 58 56
811471 57 55
811501 66 59
811639 44 36
811648 48 39
811660 39 46
811669 34 48
811672 33 47
811756 42 38
811796 49 47
811801 48 46
811885 57 48
811913 34 48
812218 36 29
812854 44 46
812989 28 35
813235 48 38
813349 57 34
813652 59 39
813775 43 40
813811 31 27
814016 45 49
814255 39 50
814336 55 42
814363 57 49
814366 58 46
814585 40 42
814657 62 51
815092 63 55
815107 56 54
815116 51 54
815221 39 44
815323 59 40
815356 44 35
815364 51 39
815525 52 39
815553 45 38
815762 39 35
815768 31 31
815783 31 21
815939 35 36
815986 26 39
815994 30 53
816027 33 50
816048 41 48
816057 44 50
816067 43 51
816161 43 33
816235 48 37
816278 51 43
816284 51 46
816322 65 38
816398 54 46
816419 51 38
816602 40 34
816647 52 46
816719 42 39
816917 39 40
816965 55 46
816977 51 46
817043 29 23
817115 48 41
817182 52 43
817185 53 43
817278 39 27
817344 40 30
817375 53 45
817462 39 41
817524 50 50
817586 36 54
817683 52 47
817709 37 37
817754 20 34
817813 28 33
817906 47 39
817972 18 22
817997 18 23
818003 20 26
818017 18 24
818018 18 24
818040 18 27
818045 17 26
818533 51 31
818541 39 31
818561 30 31
818575 33 31
818581 34 27
818587 37 24
818696 34 33
818716 30 33
818995 39 36
818996 39 37
819078 40 35
819098 46 38
819281 45 33
819554 34 25
819578 35 32
819610 45 38
819642 34 36
819680 38 37
819712 44 37
819719 43 39
819741 45 35
820285 42 34
820296 36 32
820504 29 47
820614 41 47
820635 35 31
820803 57 41
820872 35 35
820889 26 42
821079 47 38
821127 40 42
821268 39 27
821271 39 22
821361 39 33
821460 54 31
821517 39 40
821541 39 40
821844 47 37
821895 50 33
822212 26 26
822303 33 37
822378 34 39
822429 45 35
822538 63 61
822607 26 34
822647 34 27
822749 42 34
822767 38 33
822797 35 36
822846 43 32
822852 36 33
822902 36 44
823020 55 49
823027 50 45
823119 31 13
823215 41 34
823242 39 31
823318 37 23
823323 33 21
823336 32 31
823765 48 45
823908 42 30
824006 47 55
824189 52 50
824210 50 64
824231 58 60
824359 60 50
824404 50 37
824597 46 53
824975 56 56
825427 45 36
825455 27 30
825659 35 39
825692 40 45
826151 55 47
826452 28 43
826672 32 30
827779 49 49
827899 49 50
828216 55 34
828242 56 43
828576 32 42
828620 20 23
828752 49 42
828901 116 0
829033 58 47
829267 55 77
829484 26 32
829511 36 54
829634 35 54
829691 66 52
829706 59 45
829805 54 62
829808 56 60
829915 51 52
830369 52 48
830376 49 51
830505 47 48
830506 48 51
830518 42 55
830530 38 50
830673 29 36
830676 30 41
830687 33 55
830719 58 52
830729 56 44
830789 40 45
830819 41 50
830943 26 44
830952 27 38
830979 34 32
831239 43 44
831425 60 49
831668 33 31
831731 42 43
831791 35 43
831803 39 37
832052 52 49
832182 43 37
832279 41 40
832832 33 27
833258 54 66
833324 68 38
833444 39 39
833498 32 35
833645 43 28
833772 44 38
833857 43 50
833863 48 50
833888 43 44
833928 42 47
833981 28 28
834029 37 26
834051 37 24
834073 43 36
834106 47 30
834109 44 27
834215 32 22
834279 34 39
834284 41 38
834385 36 47
834414 50 44
834550 68 57
834724 55 56
835057 40 54
835108 43 32
835255 44 45
835275 47 43
835391 40 37
835398 41 42
835410 33 47
835459 47 52
835493 58 49
835687 44 36
835690 44 32
835789 42 49
835798 42 57
836318 37 35
836319 37 35
837116 64 58
837458 25 26
837469 23 17
837480 25 18
837593 58 36
837917 31 33
839566 54 48
839571 53 44
839652 59 48
839720 47 54
839781 51 55
840215 42 43
840285 41 46
840312 40 43
840575 56 55
840603 52 38
840680 37 48
840837 50 53
841071 38 34
841352 52 50
841665 27 32
842366 44 43
842399 41 41
842768 49 38
842953 46 39
843390 52 52
843398 58 53
843683 47 34
844036 40 41
844189 36 34
844291 43 38
844423 37 51
844639 37 44
845434 38 49
846069 33 30
846077 27 26
846310 51 33
846352 38 37
846634 45 27
846810 45 27
847186 18 28
847701 42 49
847955 37 43
847970 31 33
848106 46 54
848193 40 46
848441 39 58
848717 48 53
848840 48 43
848906 34 42
849015 59 48
849158 40 36
849242 26 29
849443 53 37
849489 50 49
849513 45 38
849603 34 24
849608 33 22
850040 46 47
850145 48 41
850370 41 38
850556 45 50
850895 54 66
850955 45 49
851087 65 54
851168 58 63
851229 40 24
851510 31 36
851585 31 39
851758 41 42
851967 45 42
852005 41 45
852272 36 31
852841 38 30
853101 60 31
853995 39 44
854276 48 47
854471 32 34
854759 17 36
854831 46 58
855016 33 42
855073 30 42
855142 51 44
855152 49 37
855356 47 38
855389 30 46
855419 40 46
855462 32 49
855540 42 37
855575 47 42
855693 24 27
855716 24 29
855770 23 20
855911 46 50
855988 49 43
856040 34 25
856397 47 34
856998 41 45
857017 48 38
857424 39 34
857475 37 45
857628 44 47
857743 26 45
857847 36 24
858371 35 42
858603 40 48
858633 53 42
858800 47 69
858992 51 45
859241 41 48
859349 41 39
859353 42 36
859417 38 32
859628 53 52
860029 36 37
860036 37 38
860131 37 38
860209 44 40
860957 47 46
861300 33 48
861673 31 31
861839 29 43
862013 54 48
862235 48 47
862410 48 40
862517 46 38
862718 53 43
863686 38 40
863918 38 50
864157 51 46
864289 44 41
864556 55 51
864604 57 55
864721 41 41
864766 31 29
864997 46 57
865084 69 49
865453 46 40
865555 58 58
865734 49 52
865825 47 50
865846 37 48
866080 37 46
866116 38 50
866254 25 27
866284 31 22
866557 54 33
866959 26 24
867116 25 30
867395 49 64
868517 33 35
868616 26 20
868665 47 51
868735 25 39
869188 43 30
869306 57 40
869347 69 57
869368 55 63
870165 52 47
870211 34 41
870631 56 54
870643 56 59
870991 44 55
871061 50 60
871150 44 68
871482 55 51
871502 45 44
871644 68 57
871823 62 60
871996 57 67
871997 56 65
872035 41 46
872178 70 42
872399 54 36
872447 50 59
872450 48 56
872705 57 50
873153 43 44
873298 47 53
873723 38 34
873748 31 36
873870 52 49
874245 49 58
874257 51 62
874341 57 50
874371 40 48
874377 46 52
874395 56 52
874425 64 45
874431 62 52
874452 59 52
874713 47 54
874810 48 48
875064 34 35
875361 32 45
875553 24 19
875600 33 29
876118 39 49
876712 48 55
877591 35 52
877604 40 47
877605 41 50
877623 42 44
877645 38 52
877734 52 56
877737 52 58
877942 36 50
877965 33 61
878007 42 49
878237 58 43
878841 47 51
878874 46 58
879384 70 70
879755 53 37
879952 42 47
880034 58 51
880250 49 52
880275 54 53
880318 45 50
880936 43 47
881540 38 38
881579 41 55
881640 19 30
881641 17 28
881644 16 27
881788 31 53
881896 31 35
882084 31 33
882429 35 48
882522 37 53
882900 54 62
882975 51 46
883248 49 56
883428 52 59
883498 59 54
884517 58 56
884620 44 43
884655 44 51
884837 48 57
884975 58 57
885145 26 20
885189 31 32
885215 49 36
885247 35 35
885267 41 36
885302 39 50
885400 53 57
885457 63 44
885489 55 46
885523 37 39
885535 33 39
885676 32 42
885744 57 39
885952 47 62
886356 51 47
886588 38 54
886648 39 48
886771 49 38
886837 43 39
886843 39 37
886880 36 42
886901 36 40
887066 50 52
887299 41 70
887305 43 62
887671 40 55
888136 36 53
888181 38 44
888201 46 40
888259 28 38
888361 52 60
888652 21 17
888675 14 26
888874 25 29
889105 32 52
889288 53 58
889360 54 64
889387 51 46
889414 37 48
889426 38 51
889749 48 38
890157 44 41
890223 43 32
890350 39 36
890547 33 35
890590 46 47
891002 43 56
891196 46 41
891298 57 54
891319 53 55
891322 50 49
891451 45 55
891874 46 53
891880 48 58
892171 59 46
892382 58 65
892435 49 56
892505 48 63
892507 48 65
893139 48 47
893371 48 69
893381 51 78
893395 54 73
893417 55 48
893439 42 45
893452 43 43
893463 41 49
893650 50 58
893935 59 52
894076 37 50
894103 47 52
894451 43 58
894612 47 51
894679 57 51
894790 51 48
894952 52 56
895060 63 65
895450 50 44
896143 60 40
896196 36 33
896922 39 42
897688 57 50
898043 35 50
898118 32 42
898208 48 52
898211 51 52
898519 46 50
899064 42 51
899118 38 44
899302 31 39
899461 43 31
899579 41 50
899678 56 71
899793 48 41
899834 40 44
899897 40 50
899954 51 57
899978 51 54
900279 62 52
900300 47 47
900811 57 55
900884 61 73
901178 47 55
901472 51 49
901808 35 55
901825 43 51
902329 40 51
902590 40 71
902615 48 48
902760 28 45
902947 40 46
903126 40 56
903719 55 58
903721 56 56
903956 66 60
904001 58 65
904238 50 61
904436 14 34
904579 25 35
904695 32 45
904914 31 39
905507 31 43
905605 33 47
905671 42 44
905690 43 42
905770 42 52
905886 45 48
906335 33 49
906430 39 44
907051 48 37
907075 48 31
907909 37 51
908026 39 32
908777 36 40
908929 51 44
909230 41 49
909327 45 44
909985 39 45
910019 23 37
910291 37 40
910430 51 60
910516 44 43
910660 52 58
910889 34 48
911257 42 41
911386 29 30
911500 58 74
911509 55 67
912350 30 38
912363 29 38
912463 17 17
912537 27 36
912717 44 44
912981 62 57
912999 53 54
913065 39 38
913218 39 41
913341 39 51
913430 49 54
913683 58 52
913702 53 55
913800 54 66
913905 47 36
913947 42 44
914085 43 38
914384 48 57
914427 59 32
914958 22 41
914979 22 35
915109 32 41
915460 41 48
916325 38 63
916337 42 60
917165 44 47
917304 37 67
917405 24 34
917417 24 35
917648 38 50
917690 47 51
917723 37 41
918047 55 56
918215 34 36
918510 42 45
918569 46 73
918823 51 61
919080 30 47
919180 36 30
919220 29 26
919260 26 18
919423 28 35
919643 37 46
919647 34 50
919733 37 55
920188 41 39
920405 39 71
920444 46 63
920483 53 59
920501 58 61
920528 53 57
920773 33 47
920945 42 40
921052 36 48
921080 46 62
921315 46 39
921403 59 53
921419 57 57
921442 53 49
922091 32 65
922241 45 66
922516 51 57
922594 40 64
922881 43 53
923233 60 64
923247 65 65
923569 31 50
923658 59 58
923884 39 42
924127 59 45
924244 38 37
924334 34 59
924463 38 52
924491 44 46
924555 38 25
924906 54 54
925034 45 69
925354 20 44
925461 32 46
925663 50 44
925786 40 32
925838 27 53
925969 42 48
926439 47 52
926621 53 52
926812 39 25
926834 36 25
927422 41 51
927452 42 44
927497 56 53
927636 24 31
927912 26 33
928156 37 47
928302 23 21
928328 15 17
928624 30 34
930726 33 47
932582 38 65
933518 41 57
934431 47 48
934835 34 56
935514 54 56
936127 2 99
936340 39 47
937852 48 60
938131 46 59
939250 43 53
940190 0 87
940923 52 64
947534 39 51
948609 21 31
949485 43 37
950713 35 61
950784 47 49
950789 46 50
951028 31 43
951084 33 36
951520 45 66
951536 36 71
951625 42 38
952183 54 57
952258 42 59
952342 38 65
952465 50 60
952971 34 60
952990 43 64
953055 46 61
953262 16 19
953326 37 26
953601 45 50
953880 45 51
954045 27 48
954163 28 49
954224 39 57
954455 39 55
954605 53 66
954654 49 51
954823 41 53
954893 46 57
955164 45 56
955725 45 54
955761 51 55
955818 41 47
956166 31 55
956367 31 53
956532 37 51
956539 35 50
956541 36 49
956589 52 47
956829 46 52
957057 41 58
957060 40 59
957111 38 53
957506 24 52
958005 36 54
958249 39 45
958330 34 28
958366 37 26
958381 22 30
958474 42 40
958586 32 60
958619 45 52
959014 41 47
959095 29 62
959186 51 48
959542 41 54
959623 40 43
959675 50 53
959683 51 60
959698 53 62
959830 27 34
960041 30 43
960127 14 51
960137 24 51
960154 33 42
960224 44 38
960250 29 41
960472 54 64
960992 36 56
960995 38 61
961192 38 38
961231 44 53
961459 36 39
961561 49 53
961651 43 53
961663 43 43
961672 44 33
961684 40 41
961727 41 46
961957 27 43
961970 38 43
962185 38 41
962679 26 23
962713 36 29
963086 36 45
963156 29 35
963360 31 46
963388 36 41
963465 27 24
963575 43 53
963615 38 50
963803 36 60
963924 42 47
964050 42 53
964074 47 67
964128 49 55
964446 34 39
964499 39 53
964503 41 53
964587 44 73
964947 25 29
964992 32 57
965043 40 46
965211 36 42
965229 33 45
965290 31 51
965338 48 46
965344 45 42
965437 38 65
965654 39 47
966007 46 62
966213 47 54
966837 51 61
967071 34 38
967264 35 31
967298 34 39
967620 54 39
968699 26 49
968898 55 56
969876 47 58
970284 37 49
971369 47 66
972983 23 38
976118 15 37
982982 40 47
983186 32 49
985079 37 40
986291 24 40
986342 41 51
986363 36 51
986465 30 42
986650 44 41
986994 34 48
986995 34 48
987371 45 60
987604 39 53
987803 48 45
987902 46 64
987938 34 58
987977 47 52
987995 57 44
988460 23 39
988491 33 46
989074 31 41
989104 33 39
989606 53 65
989824 47 67
989827 48 59
990543 30 40
990754 35 51
990844 36 55
990871 39 60
990916 40 57
990937 43 57
991069 48 60
992597 49 52
993385 16 35
994566 0 77
994619 0 90
994740 39 54
1000555 43 52
1001655 51 55
1005019 35 47
1006038 27 33
1006146 26 39
1006706 29 54
1006855 45 46
1006973 44 57
1007065 24 45
1007080 23 34
1007198 37 38
1007609 25 39
1007690 36 53
1007747 33 65
1008638 37 49
1008700 33 47
1008782 49 56
1009474 39 40
1010867 33 50
1010930 35 54
1011165 43 63
1011166 43 61
1011436 35 34
1011650 46 46
1012058 44 71
1012568 49 44
1012745 48 52
1012803 50 60
1013588 65 61
1013782 23 38
1014013 55 48
1014328 45 50
1014915 46 71
1014972 43 51
1014988 34 55
1015104 56 76
1015539 19 36
1015743 38 52
1016095 42 48
1016181 40 50
1016920 34 32
1016929 26 36
1016967 29 53
1016978 29 55
1016998 32 52
1017004 32 59
1017048 37 48
1017077 34 34
1017332 32 37
1017449 26 57
1017592 47 53
1017714 38 60
1019195 28 45
1019280 43 62
1019332 37 41
1019353 36 36
1019761 36 58
1019821 42 29
1020072 41 52
1020114 46 48
1020115 48 48
1020138 43 43
1020157 35 39
1020172 33 44
1020241 35 29
1020313 23 30
1020316 23 32
1020433 42 30
1020601 34 33
1020987 33 45
1021222 50 53
1021286 30 42
1021401 44 65
1021440 43 52
1021459 39 56
1021460 40 58
1021467 47 47
1021489 47 48
1021573 35 50
1021576 31 56
1021735 31 48
1021804 45 45
1022204 37 33
1022286 37 41
1022325 39 57
1022507 37 37
1022566 49 66
1022891 47 56
1022929 59 69
1023097 49 53
1023316 41 44
1023409 36 50
1023540 46 64
1023796 45 49
1023819 50 49
1024012 11 19
1024013 11 19
1024164 44 42
1024249 46 48
1024261 45 52
1024505 34 51
1024743 32 44
1024889 37 38
1024976 22 20
1025141 34 55
1025145 33 55
1025148 30 53
1025219 41 38
1025416 45 43
1025698 48 61
1025729 55 51
1025749 38 47
1025797 39 61
1026004 39 48
1026099 33 37
1026201 43 54
1026204 39 52
1026239 35 52
1026334 38 52
1026519 19 34
1026523 18 33
1026577 42 49
1026861 21 49
1026876 25 49
1026885 37 51
1027473 46 52
1027479 50 60
1027551 52 65
1027569 53 47
1027611 53 56
1027713 53 61
1028129 35 36
1028151 27 38
1028301 52 49
1028476 31 29
1028518 37 46
1028678 64 47
1028679 63 50
1029023 29 37
1029048 33 38
1030085 37 47
1030195 44 47
1030234 32 37
1030572 31 42
1030575 28 41
1030599 21 46
1030603 22 43
1030609 18 40
1031513 33 49
1031566 41 53
1031684 45 57
1032011 39 44
1032045 15 12
1032233 27 38
1032439 51 39
1032803 63 45
1032817 50 55
1032853 47 59
1032865 40 50
1033414 32 47
1033759 47 54
1033891 42 36
1034023 44 33
1034069 41 48
1034194 50 53
1034260 46 66
1034320 36 43
1034680 37 48
1034749 46 60
1035224 39 56
1035692 32 40
1035751 35 35
1036108 38 49
1036319 33 38
1036564 43 64
1036848 52 44
1037309 43 57
1037705 28 43
1038196 37 53
1038357 37 51
1038541 32 47
1038945 39 42
1039153 18 21
1039432 89 0
1039501 54 50
1039694 61 63
1039759 52 57
1040059 36 42
1040068 37 46
1040314 44 48
1040527 44 59
1040782 37 47
1041067 32 31
1041898 38 36
1042076 40 44
1042082 41 42
1042129 39 49
1042299 38 42
1042378 43 45
1042436 45 43
1042444 42 46
1042670 27 35
1043086 25 31
1043154 34 39
1043281 28 36
1043663 44 44
1043697 32 43
1043698 33 43
1044156 39 39
1044363 42 58
1044651 33 28
1044765 47 56
1044835 43 49
1045326 36 51
1045356 34 54
1045401 37 49
1045486 38 57
1045639 37 42
1045776 37 48
1048926 52 57
1050097 34 55
1050447 27 29
1051113 50 51
1051440 41 37
1051791 37 43
1051801 38 44
1051803 39 43
1052018 38 49
1052163 44 58
1052188 36 40
1052273 53 45
1052341 28 48
1052378 30 43
1052497 28 33
1052560 37 53
1052592 44 50
1052605 65 55
1052615 59 63
1052621 60 64
1052676 47 52
1052685 47 54
1052742 34 37
1052772 33 35
1052825 38 39
1052838 47 47
1052952 42 54
1052993 46 36
1053089 60 36
1053364 35 36
1053413 20 44
1053475 30 53
1053514 25 35
1053838 30 43
1054276 46 48
1054308 25 40
1054309 24 40
1054387 36 53
1054919 29 25
1055111 35 31
1055148 43 56
1055155 36 57
1055172 29 50
1055414 31 48
1055551 20 23
1055652 37 29
1055714 32 28
1055727 20 18
1055947 35 48
1056102 42 47
1056259 40 45
1056562 37 32
1056566 35 33
1056757 38 54
1056897 45 57
1057010 19 43
1057044 25 34
1057220 40 32
1057415 51 66
1057693 47 56
1057756 59 67
1057867 32 51
1057930 32 32
1058604 32 41
1058896 25 31
1059049 35 32
1059051 32 33
1059173 22 41
1059200 47 42
