19663 7 1
24460 15 16
24472 17 17
24487 24 17
24531 27 16
24639 18 13
24646 15 11
24820 16 20
24838 20 20
24856 19 14
24872 23 15
24886 24 15
24907 22 19
25024 31 20
25026 30 21
25054 17 18
25562 27 23
25621 25 11
25719 26 19
25876 24 17
26107 22 8
26190 11 12
26201 17 11
26367 19 15
26480 17 11
26555 16 10
26566 18 8
26601 14 11
26630 20 8
26665 20 18
26694 25 17
26909 15 19
26945 31 15
26957 25 10
26987 18 15
27162 17 16
27202 15 11
27209 17 12
27300 8 7
27329 13 15
27331 13 15
27338 14 15
27509 38 19
27779 30 11
27941 20 22
28010 31 14
28143 28 26
28146 28 26
28177 16 18
28379 10 15
28400 18 9
28421 15 9
28713 10 13
28768 18 14
28794 21 13
28823 13 15
28918 12 7
29087 9 12
29144 12 14
29240 11 8
29254 12 11
29366 14 9
29422 18 20
29514 22 15
29537 19 22
29539 19 20
29609 21 11
29670 9 7
29790 14 9
29805 15 9
29814 16 6
29942 22 11
29943 21 11
29956 21 11
30147 17 6
30159 19 7
30163 18 7
30272 31 14
30287 27 10
30290 24 11
30331 24 18
30484 17 11
30541 21 12
30578 21 14
30628 23 12
30655 22 14
30666 27 15
30684 34 11
30688 35 13
30700 41 16
30924 22 12
30981 19 10
31016 20 13
31170 20 19
31174 19 20
31609 27 16
31613 28 15
31755 22 9
31773 21 12
31778 21 15
31797 21 15
31823 20 14
31837 20 13
31899 23 14
31963 28 23
31974 27 16
32003 21 17
32050 37 24
32713 30 27
32767 28 6
32846 12 5
32963 22 17
33177 19 11
33255 12 9
33288 6 6
33472 12 8
33524 17 17
33661 19 6
33709 4 7
33799 11 7
33846 13 8
34011 34 18
34092 18 6
34146 22 9
34437 34 22
34464 32 17
34680 21 18
34836 26 14
34917 23 15
34934 24 14
35034 22 16
35562 25 16
35622 26 26
35631 34 22
35650 35 22
35679 26 20
35703 24 14
35751 28 21
35811 22 17
35829 24 17
35922 29 20
36033 30 13
36049 26 14
36138 28 14
36216 25 12
36356 14 13
36582 30 20
36793 32 26
36817 26 16
36819 29 16
37126 34 19
37499 29 10
37924 28 11
37937 19 15
38094 23 26
38154 31 24
38249 19 10
38300 28 8
38386 25 24
38690 23 16
39240 25 19
39499 24 14
39597 17 27
39656 25 12
39813 20 14
40099 9 6
40106 7 5
40238 23 11
40730 24 10
41106 26 16
41249 13 10
41576 23 17
41793 11 11
41802 9 9
42450 28 6
42957 26 9
43108 29 15
43260 27 10
43593 19 8
43680 7 8
44211 18 19
44499 27 15
44862 13 10
44979 16 13
45075 22 13
45216 26 14
45624 8 9
45741 13 6
45921 16 14
46266 19 10
46830 15 8
46992 13 11
47083 21 12
47472 12 6
47898 27 15
47940 34 20
48014 27 19
48178 31 23
48185 28 22
48514 17 14
48558 17 5
48798 21 14
49356 27 14
49404 25 16
49499 30 5
49500 29 5
49550 18 16
49767 29 26
50433 22 5
50477 25 7
50612 19 7
51006 31 15
51320 17 8
51408 14 6
51486 17 11
51508 17 13
51722 11 11
52035 19 20
52230 13 8
52392 13 15
52756 11 9
52824 11 5
52904 20 9
52931 25 15
53176 16 8
53311 21 25
53512 39 20
53549 35 8
53567 25 11
53591 23 15
53600 24 12
53841 16 10
53945 18 12
54231 23 12
54265 24 9
54419 33 4
54824 12 15
54930 17 9
54947 19 11
54959 15 7
54989 18 8
55275 18 10
55334 16 16
56021 15 17
56319 4 2
56610 30 20
56788 28 20
56998 16 12
57031 24 21
57143 25 5
57447 31 21
57611 25 20
57859 29 11
58021 27 20
58039 33 20
58195 28 18
58201 21 18
58705 18 16
58992 10 7
59186 23 7
59201 26 3
59250 23 10
59300 38 23
59375 23 12
59781 15 13
59944 30 13
59965 34 12
59989 25 21
60176 36 16
60297 28 21
60423 22 15
60643 18 11
60673 7 4
60840 33 20
60977 20 17
61048 26 17
61389 22 16
61447 32 13
61543 35 9
61582 24 14
61678 30 12
61706 30 16
61711 26 13
61812 41 16
61825 43 22
61891 35 23
61924 35 14
61972 26 18
61993 30 18
62014 24 17
62063 18 12
62569 33 20
62855 18 10
63277 25 9
63403 22 17
63595 19 8
63647 13 7
64091 16 12
64514 37 16
64609 13 19
65005 27 20
65467 22 13
65788 12 16
66127 20 13
66253 29 16
66409 21 14
67072 24 13
67227 25 11
67352 23 14
67629 8 9
67652 12 5
67658 15 7
67684 12 6
67834 19 6
67905 17 17
68088 32 15
68512 19 10
68932 23 6
69578 42 24
69758 32 21
69812 29 16
69955 24 16
70070 31 17
70340 21 14
71177 17 12
71180 16 12
71576 32 14
71690 29 14
71750 26 11
73366 32 7
73389 35 13
73578 20 9
73706 20 16
74008 11 11
74075 13 5
74360 30 15
74753 15 10
74903 29 12
75335 13 5
75338 14 4
75341 12 4
75364 15 5
75367 15 5
75535 25 10
75551 33 12
75557 31 12
75667 26 7
75697 38 11
75959 22 5
76071 20 6
76155 26 20
76240 42 0
76674 12 8
76675 12 8
76724 19 8
76742 17 10
76745 16 9
76766 14 7
76840 31 14
77138 18 14
77201 25 13
77341 27 17
77353 29 19
77569 32 19
77581 31 18
77728 23 10
78220 20 13
78271 23 13
78484 28 9
78940 38 16
78979 24 9
79090 28 12
79639 27 19
79644 27 19
79803 25 11
79809 23 15
79828 19 16
79832 22 15
80052 24 11
80074 18 8
80091 21 9
80099 22 10
80205 29 16
80220 26 11
80355 35 17
80356 37 17
80430 28 14
80436 26 13
80592 27 17
80601 29 14
80739 38 24
80823 25 15
81025 27 17
81334 39 0
81384 24 14
81600 30 18
81873 23 4
81926 11 0
81983 14 2
82179 35 19
82251 28 14
82638 32 8
82784 30 8
82806 29 11
82980 24 13
83217 23 6
83268 19 14
83295 26 12
83385 5 13
83618 39 19
83774 40 10
83795 35 15
84184 25 9
84307 29 11
84652 32 7
84892 19 11
84904 20 9
84957 40 0
85182 54 19
85261 34 11
85451 23 7
85480 19 9
85503 14 8
85604 32 13
85612 32 14
85653 24 4
85782 13 8
85815 11 6
85891 24 3
85998 21 10
86036 13 15
86054 19 16
86087 20 19
86235 22 5
86325 15 8
86348 24 15
86414 31 11
86564 28 8
86687 27 12
86862 23 10
87112 26 8
87121 26 8
87213 37 13
87513 12 7
87875 31 8
87901 33 12
88030 34 10
88206 16 12
88470 32 11
88503 31 15
88577 25 10
88582 22 11
88711 11 7
88834 25 17
89004 33 0
89047 19 11
89086 16 9
89146 7 8
89201 7 4
89267 12 3
89309 26 10
89343 19 11
89435 20 10
89541 40 16
89642 28 11
89837 32 14
89885 27 17
89904 27 17
90032 37 15
90194 37 11
90238 23 18
90251 25 15
90354 32 16
90364 46 0
90407 34 15
90429 31 18
90458 30 12
90677 21 4
91218 21 10
91261 14 9
91362 14 3
91727 6 7
91801 7 3
91814 8 4
92203 27 18
92509 14 10
92627 23 18
92929 28 10
92993 23 15
93004 27 19
93118 22 9
93283 29 19
93535 17 10
93582 20 4
93718 30 10
93748 28 16
93779 33 15
93824 33 9
93916 34 19
94097 41 9
94115 33 11
94324 53 19
94350 51 15
94498 42 18
94746 35 17
94773 31 17
94843 17 9
95086 16 10
95202 28 15
95562 38 6
95811 54 18
95999 10 4
96056 22 0
96191 23 10
96321 20 11
96362 31 14
96376 33 14
96422 27 12
96461 28 14
96718 33 17
96721 34 18
96765 27 14
96887 26 12
96899 19 13
96906 18 13
97033 30 8
97060 20 14
97115 19 7
97208 26 12
97320 32 14
97364 30 5
97449 38 9
97488 58 0
97551 26 11
98099 19 13
98623 37 22
98671 41 15
98923 41 13
99109 25 19
99468 26 1
99718 36 16
99766 43 0
99844 28 14
99898 34 10
99922 31 9
99934 30 8
99955 27 14
100276 22 14
101173 26 7
101194 33 12
101229 32 13
101457 34 15
101646 33 24
101712 34 18
101799 29 11
102275 46 0
102356 16 11
102609 43 0
102641 27 0
102642 29 0
102655 20 10
103345 31 5
103471 22 8
103594 31 12
104545 19 7
104556 19 6
104783 24 12
105163 43 19
105255 31 19
105483 42 12
105636 33 9
105657 43 13
105711 32 12
105822 33 19
106165 16 8
106238 21 9
106319 13 7
106714 18 8
106886 17 7
106912 17 5
107032 25 12
107085 11 10
107232 26 7
107250 26 10
107316 29 10
107390 31 17
107463 34 7
107478 37 9
107511 22 17
107550 28 16
107682 35 20
107973 39 14
108084 27 17
108136 37 10
108240 27 10
108252 22 9
108459 31 15
108609 24 4
108705 25 14
108715 31 15
108777 37 16
108897 37 12
108947 38 14
109206 32 17
109474 11 5
109560 15 10
109680 24 5
110046 37 14
110553 23 5
110601 18 8
110630 16 7
110853 23 12
110994 28 10
111082 31 17
111898 36 16
112228 21 14
112234 19 14
112468 33 9
112570 26 14
112726 40 16
112786 29 13
112933 26 14
112960 32 16
112986 36 12
113456 13 8
113500 10 9
113618 23 6
113662 26 3
113748 8 5
113841 36 0
113972 17 10
114128 34 17
114169 26 11
114209 43 15
114293 22 13
114577 32 6
114626 24 13
114820 22 2
114826 24 2
115220 30 5
115628 26 8
115675 25 13
115895 15 7
116012 10 8
116015 12 9
116036 17 7
116061 16 5
116148 23 8
116259 31 14
116290 37 18
116535 22 14
116558 22 10
116563 21 11
116824 25 9
116865 17 11
116901 19 9
116911 14 8
116981 12 9
117034 16 11
117070 25 16
117554 18 7
117710 36 8
117787 21 12
117873 12 8
118005 34 17
118035 24 11
118131 31 14
118164 39 12
118195 37 11
118260 26 21
118272 29 14
118414 23 10
118620 24 17
118767 34 13
118899 13 7
118983 17 11
118992 17 11
119130 19 6
119231 37 14
119580 16 10
119840 27 17
119901 37 14
120101 19 11
120191 23 8
120286 23 5
120353 22 6
120389 25 8
120623 41 19
120920 8 1
121274 25 16
121333 29 9
121343 37 9
121379 36 18
121619 26 11
121720 19 6
121806 22 13
121831 23 14
122067 15 4
122827 0 45
122983 0 30
123018 18 10
123021 0 29
123022 0 29
123308 47 0
123309 37 13
123313 45 0
123365 39 11
123373 33 10
123375 34 10
123416 35 23
123435 31 21
123585 17 3
123827 24 18
124059 24 17
124137 26 15
124152 24 15
124182 35 16
124548 33 16
124550 31 17
124607 26 13
124647 22 15
124686 26 14
124857 28 6
124872 23 7
124884 19 8
124919 31 8
124924 31 9
124928 26 9
125016 36 14
125046 37 19
125047 37 19
125161 50 24
125239 29 10
125241 30 10
125292 21 10
125335 39 16
126838 23 9
126872 20 5
127049 48 15
127076 42 14
127321 25 16
127562 17 11
127603 25 13
127675 17 9
127838 28 16
128398 20 11
128484 32 14
128555 24 15
128568 25 17
128641 32 11
128805 43 17
128920 23 3
129109 20 0
129114 19 7
129352 21 16
129907 20 11
130169 27 7
130648 16 14
130769 22 6
131163 34 21
131231 39 15
131235 41 16
131353 16 15
132400 23 9
133187 30 13
133349 27 11
134080 21 7
134507 27 14
136190 32 12
136197 36 12
136199 37 12
136501 30 14
136600 43 11
136618 35 12
136643 28 11
137762 23 10
137835 26 18
138276 15 5
138408 24 7
139008 36 34
139029 33 24
139083 29 9
139137 27 9
139209 10 15
139433 13 7
139463 12 8
139500 17 11
139501 18 10
139558 25 13
139708 26 12
139814 21 5
140412 15 10
140539 14 9
140644 14 17
140777 27 16
140869 24 11
140913 22 16
141371 12 6
141895 21 8
142008 36 27
142017 33 26
142163 26 19
142251 26 19
142635 20 17
142895 22 14
142988 20 14
143158 35 15
143161 34 14
144126 25 12
144132 23 14
146897 20 9
148056 34 16
148288 36 20
149006 19 13
149080 21 11
149096 21 8
149147 20 4
149207 16 7
149315 26 8
149396 23 12
149565 36 23
149675 34 19
149816 32 11
149859 35 17
150176 32 14
150259 42 12
150260 42 14
150477 25 6
150558 31 13
150683 12 5
150690 12 3
150701 17 4
150759 29 14
150813 19 17
150824 18 16
150916 15 10
151216 39 25
151489 29 12
151604 18 16
151840 30 17
152131 38 16
152239 23 13
152407 23 15
152470 15 9
152572 26 13
156971 21 11
157482 18 19
157614 28 15
157816 26 11
159750 19 16
159773 13 6
159783 17 7
159825 19 11
159854 18 9
160144 24 11
160217 27 17
160218 28 16
160264 19 13
160270 21 15
160394 29 16
160495 21 13
160925 26 26
161012 25 25
161018 27 23
161591 11 7
162187 26 14
162203 31 15
162218 28 20
162223 30 16
162322 29 14
162419 18 9
162432 18 10
162517 22 15
162760 25 24
162763 26 20
162817 24 9
162827 28 13
162917 24 14
162932 22 15
163047 29 19
163365 15 19
163412 16 12
163417 16 14
163441 25 16
163462 19 19
163502 11 6
163651 20 13
163825 17 13
163953 18 10
163988 23 12
164150 12 10
164303 7 12
164839 24 12
164950 20 15
165364 15 15
165516 20 12
165709 14 5
165715 15 8
166570 27 19
166809 12 14
167191 36 14
167284 17 13
167365 18 18
167809 33 20
170074 28 25
170551 30 25
170605 38 24
170644 22 17
171352 47 20
171610 18 14
171622 20 16
171759 37 23
171995 38 0
171996 40 0
172235 35 22
172652 30 15
172655 29 17
173732 32 21
173878 23 16
175025 21 13
175308 22 6
175550 38 19
176223 20 15
178005 12 13
179432 40 0
179434 42 0
179613 19 29
181210 20 18
183604 22 26
183734 28 20
183823 15 15
183929 14 14
184240 24 9
184417 12 11
184588 16 14
185086 26 21
185237 29 15
185491 4 5
185534 14 8
185617 24 19
185637 22 19
185692 18 23
186021 28 24
186313 23 23
186677 17 13
187649 17 19
187762 11 10
187778 12 14
188328 33 20
188565 12 15
188642 13 16
188958 29 15
189102 24 17
189148 27 22
189415 19 18
189438 17 8
189440 18 8
189628 13 9
190078 24 21
190176 27 24
190299 16 10
190557 20 18
191869 29 19
192038 30 32
192064 29 24
192484 17 13
192953 17 23
193385 19 16
193400 18 16
193403 22 16
193551 3 10
193636 19 12
193714 10 12
194037 29 22
194078 29 31
194787 28 19
194919 9 10
195073 10 9
195346 17 11
195660 21 21
195960 19 22
196202 14 20
196447 21 16
196498 27 15
196513 29 15
196720 18 13
197014 14 21
197268 11 11
204582 14 14
204583 13 14
204635 23 20
204722 17 11
205036 28 18
205082 29 23
205197 19 19
205346 41 0
205698 13 28
205739 26 10
205928 10 13
206105 16 8
206265 19 26
206531 28 19
207689 9 12
208635 18 16
209315 23 16
210339 24 22
210753 34 25
211223 29 14
211337 19 29
211431 35 20
211632 14 7
211839 8 12
212465 25 13
212916 11 12
213005 18 10
214247 21 17
214692 12 20
215040 18 16
215063 16 17
215112 14 15
215383 19 14
215476 21 19
215631 11 10
215954 21 24
216032 16 16
217738 17 20
218001 19 22
218332 29 20
219098 11 31
219318 21 22
219348 19 19
219716 22 21
220309 31 30
220320 32 28
220395 27 17
220521 14 15
220616 26 29
220982 21 17
221600 25 29
222557 21 29
222816 24 11
223459 21 9
224067 15 20
224211 25 21
225908 19 17
225959 23 26
226659 14 12
226811 11 11
227297 17 14
227823 21 19
227919 19 15
228192 17 10
228532 9 10
228667 13 12
228726 7 6
228787 11 10
229796 19 28
230458 15 14
232137 20 23
239860 23 18
240076 20 22
241265 25 21
245950 11 16
247931 21 17
248162 17 23
248305 13 20
248322 16 18
248371 10 13
248871 10 14
248950 16 13
249336 16 18
249916 24 32
250144 14 31
250534 30 33
252557 16 15
252633 21 11
257028 15 22
257514 17 21
258018 25 18
258135 15 25
260287 27 18
262891 19 18
263501 13 15
265903 18 8
266734 18 25
267202 8 16
267348 17 15
268164 4 10
272184 31 17
272840 8 19
275945 21 25
276446 14 18
277458 16 14
277616 19 30
277753 18 15
279696 29 17
280330 20 16
280996 9 3
280999 9 4
281049 10 6
282731 11 13
284302 22 23
286179 21 20
287730 15 14
288312 18 19
288602 25 19
290876 15 25
290961 14 11
291241 13 15
291954 37 20
292063 35 36
292609 32 21
292923 19 31
293181 32 38
293215 31 36
293524 22 27
294073 15 11
294325 16 32
294326 16 31
294581 23 21
296099 29 18
296865 19 22
297036 29 28
297725 24 24
297823 23 26
297969 17 9
298675 22 20
298908 6 5
300619 13 6
301860 15 18
303262 29 23
303309 18 28
303576 26 35
305970 17 19
306625 16 18
307093 17 18
307480 16 23
307781 18 22
309351 20 18
310777 8 11
311266 21 14
312396 27 22
312475 41 25
315230 18 30
316199 26 28
316278 19 27
316528 27 18
316564 25 17
316583 22 22
319265 11 12
319857 8 8
320252 19 19
320604 13 31
320605 13 29
323023 26 9
323062 17 16
323139 15 18
323287 11 15
323306 10 18
323307 10 17
323334 8 14
323350 12 14
323354 11 15
323378 16 15
323456 22 19
323594 14 20
323630 24 25
323696 17 15
323795 21 12
323888 11 26
324257 26 22
324425 7 11
324620 20 21
324785 8 8
324823 13 12
325325 11 20
325362 18 17
325428 10 25
325498 26 16
325751 13 14
325796 11 14
325853 11 15
325939 16 23
326084 24 26
326286 16 12
326415 16 14
326490 15 14
326610 15 16
326676 12 8
326708 15 14
326982 19 24
327494 20 22
327711 18 26
327802 16 24
327844 14 21
327939 16 11
327979 11 16
328155 21 19
328267 12 14
328444 16 21
328732 22 23
328870 27 25
329083 27 30
329185 6 22
329723 12 8
329851 17 17
329896 21 17
329994 14 13
330043 11 8
330137 7 15
330161 7 10
330184 7 12
330365 11 13
330463 19 14
330550 16 18
330760 13 19
331057 27 25
331102 22 19
331405 12 19
331632 20 19
331804 20 17
331858 11 11
331927 12 18
332534 18 21
332588 23 25
332590 25 25
332614 21 23
332658 16 11
333068 29 16
333129 21 33
333405 23 19
334118 17 20
334197 20 22
334257 22 21
334284 17 20
334674 20 18
334851 11 24
335141 28 38
335781 8 5
336376 10 18
336505 31 29
336544 27 33
336576 18 19
336606 15 23
336718 12 24
336748 10 19
336937 13 18
337043 22 20
337080 17 21
337126 13 13
337215 20 20
337256 20 17
337338 11 12
337429 14 18
337461 18 10
337544 15 22
337572 14 23
337720 30 32
337888 14 12
339006 23 25
339339 9 8
339419 6 13
339422 6 15
339439 6 13
339444 7 10
339486 9 17
339505 21 23
339650 26 17
339662 27 16
339989 22 24
340007 22 19
340088 14 17
340152 21 19
340458 19 26
340730 10 17
340755 16 17
340940 18 18
341283 32 25
341289 37 24
341415 25 18
341559 20 32
341579 23 26
341790 20 22
341836 21 22
342006 31 19
342283 6 12
342450 8 10
342472 10 11
342498 13 5
342551 17 15
342844 18 20
342949 37 19
343405 29 19
343438 19 30
343816 11 20
343849 16 19
343864 12 19
343913 15 13
344387 23 28
344453 18 23
344725 29 32
344740 25 30
345055 20 14
345139 21 13
345358 20 24
345824 8 8
346481 15 15
346488 19 18
346636 22 13
346728 14 14
346851 15 13
347845 21 15
347944 27 27
348193 15 23
348285 23 17
348577 19 16
348645 21 11
348682 13 12
348743 9 13
348746 9 12
348763 12 20
348950 14 24
348969 16 19
348971 17 20
349377 18 34
349389 18 25
349633 19 21
349857 26 27
349936 21 20
350344 18 21
350413 15 17
350644 14 16
350734 6 9
350764 11 16
350941 16 15
351156 21 18
351700 15 20
351724 19 13
352045 17 21
352297 14 16
352315 13 16
352601 12 24
352613 14 19
353158 17 28
353323 14 16
353329 13 15
353464 16 10
353740 10 22
353747 12 20
353798 17 20
353819 14 11
353832 13 10
353855 15 13
354226 13 16
354360 9 11
354435 11 12
356472 25 22
357345 26 21
357828 25 31
357831 19 31
358151 18 19
358183 22 14
358308 12 10
358347 16 12
358384 16 18
358545 16 24
358748 18 19
358806 19 16
358902 21 17
358950 15 14
359067 22 14
359244 14 15
359294 24 20
359397 28 28
359438 35 24
359852 16 19
360010 18 18
360045 12 3
360179 31 20
360299 39 23
360310 36 18
360326 30 20
360581 24 23
360739 27 31
361117 31 26
361333 26 31
361355 26 35
361478 19 27
361511 30 28
361525 30 37
361550 40 33
361960 21 32
362111 22 20
362146 15 24
362189 18 20
362242 20 22
362309 34 28
362831 27 27
362879 30 25
363080 34 27
363671 24 20
363716 19 10
363719 22 12
363760 20 24
364021 16 16
364139 25 22
364179 23 16
364390 13 16
364400 12 17
364562 23 12
364714 21 21
364754 20 24
364931 10 20
365015 18 15
365248 22 35
365800 20 3
366116 25 27
366393 33 24
366475 21 17
366485 22 21
366664 25 17
366666 24 17
367559 23 26
367587 14 28
368788 12 11
369317 9 15
369419 16 8
369893 23 22
370400 19 19
370543 19 29
371564 21 16
372437 19 20
372469 24 14
372578 15 16
372692 23 12
373136 12 15
373244 21 17
373520 19 13
373768 14 15
373957 11 18
373966 10 16
374189 12 6
374237 9 13
374310 15 15
374336 17 13
374585 14 8
374600 13 12
374617 15 17
374921 3 6
375062 24 13
375093 33 19
375283 7 19
375291 10 17
375385 16 9
375431 18 12
375914 4 5
375922 4 4
375974 12 17
376041 22 17
376064 17 21
376372 15 12
376598 8 9
377101 22 16
377536 10 15
377625 15 14
377724 18 14
377776 13 15
377793 19 19
377998 20 19
378104 13 12
378124 11 12
378164 10 17
378245 11 17
378259 11 14
378489 14 13
378550 16 12
378560 11 11
378601 30 17
378862 26 23
378866 25 23
379261 20 11
379579 27 23
380273 13 9
380362 28 26
380387 20 23
380401 17 17
380416 13 16
380699 35 27
380722 40 24
380845 28 30
380985 23 23
381016 15 25
381263 15 11
381889 19 30
382072 15 18
382558 23 27
382592 33 33
383410 13 14
384516 26 18
384846 22 20
384933 21 29
384966 22 21
385065 19 23
385179 16 10
385347 11 12
385629 17 17
385896 23 13
385914 23 18
385983 18 31
385984 18 31
386160 14 8
386279 4 5
386289 4 5
386487 14 14
387176 16 12
387406 20 13
387626 12 14
387630 12 14
387760 23 20
387835 24 22
388192 13 19
388381 20 15
388756 21 17
388813 11 14
388818 11 11
388837 11 10
388996 25 29
389107 18 14
389236 20 28
389406 15 13
389725 31 16
389773 15 19
390036 14 14
390037 13 14
390895 9 12
391240 23 22
391686 17 22
391810 26 29
392314 8 8
392339 10 14
392780 12 11
393281 31 28
393416 20 27
393494 20 18
393557 23 30
393911 16 12
394229 13 20
394334 22 23
395798 11 5
396086 20 19
396812 9 14
397065 15 8
397086 19 14
397695 17 13
398086 15 16
398184 12 13
398418 13 12
398562 12 13
398990 22 14
399115 17 14
399356 18 9
399383 28 11
399972 26 21
400109 24 28
400110 24 31
400328 41 38
400381 26 16
400490 21 21
400562 17 22
400571 19 21
400801 43 23
401641 14 16
402343 29 23
402389 28 14
402976 28 20
403396 15 10
403840 19 19
403960 15 18
404553 23 25
404618 23 20
404809 23 31
405237 14 12
405258 10 7
405299 8 15
405382 13 6
405565 14 17
405877 19 19
405988 17 11
406666 20 13
406938 13 17
407023 14 13
407527 19 18
407609 17 18
408137 21 24
408203 11 9
409185 13 6
409304 10 10
409471 15 20
409817 21 14
409985 9 14
410052 13 16
410074 27 23
410102 28 17
410123 20 11
410132 21 7
410135 19 8
410181 16 20
410358 19 22
410371 18 16
410383 14 16
410397 12 15
410555 16 17
410943 23 25
410972 29 25
410984 28 30
414096 21 10
414286 47 0
414287 46 0
414534 19 23
414828 11 13
415089 17 19
415133 11 11
415223 19 13
415459 10 25
415493 13 18
415533 28 23
415553 23 24
416067 9 10
416070 8 8
416403 15 8
416438 8 7
416864 7 3
416900 11 5
417025 11 6
417305 11 8
417319 7 9
417343 10 13
417420 15 4
417462 11 6
417535 7 12
417724 20 11
417795 15 16
417869 10 17
418396 27 18
418700 24 12
419071 23 18
419219 20 17
419389 16 17
419607 0 28
419751 17 20
419753 17 19
419932 15 15
420636 1 37
420638 0 38
420783 36 17
421509 41 0
421575 30 13
421894 10 10
421922 13 19
421969 15 18
421986 14 19
422118 6 14
422211 19 14
422412 7 13
422521 22 8
422589 9 5
422675 20 18
422889 16 17
423278 18 13
424338 30 24
424345 24 26
424398 34 18
424547 18 13
424713 17 12
425075 19 28
425100 28 27
425121 33 27
425496 29 18
425921 25 15
426279 28 21
426608 21 17
426861 19 23
427437 17 8
427729 6 8
428007 18 15
428080 13 15
428250 19 14
428544 19 27
429429 25 15
429695 33 27
429918 28 28
430089 22 22
430095 29 23
430335 36 16
430641 24 16
430719 20 22
431346 8 9
431384 24 5
431401 16 3
431523 16 14
431539 18 11
431546 18 12
431562 15 13
431665 27 21
431887 20 19
432064 19 10
432570 10 15
433320 15 14
433360 16 17
433678 23 15
434026 14 15
434052 10 14
434427 26 20
434831 33 23
434850 30 26
434879 30 24
435094 20 16
435246 23 12
435630 18 17
435804 16 21
436033 19 4
436103 9 13
436304 5 11
436594 19 15
437750 16 15
438497 25 26
438718 10 15
438757 19 14
438844 20 20
439615 25 18
439642 25 19
440231 23 29
440592 15 23
440700 13 7
440937 16 5
442567 14 13
442595 15 18
443737 37 17
445166 31 15
446076 17 15
446567 23 21
448017 12 11
448319 13 18
448439 25 22
449024 19 15
449247 26 22
449394 16 26
449409 22 21
450060 23 23
450377 44 20
450378 44 21
450512 26 14
450635 14 12
450774 10 15
450879 20 10
451286 21 11
451373 22 8
451427 25 19
451751 19 8
452135 15 11
452196 16 14
452251 21 12
452279 19 14
452570 14 18
452910 24 13
452996 35 15
453314 16 12
453411 14 17
454982 32 17
455042 18 20
455159 18 25
455238 20 18
455251 12 16
455321 19 19
455381 8 18
455554 6 6
455850 24 21
456101 2 6
456772 27 23
456988 16 23
457735 16 20
458260 28 17
458555 8 10
458971 15 8
459207 14 16
459424 18 14
459795 13 18
460038 16 27
460714 20 19
460771 26 14
460792 24 16
460979 20 24
461488 20 12
461498 19 14
461686 17 11
462481 22 15
462574 20 17
462577 18 18
462678 20 11
462680 20 11
462704 18 15
462921 23 22
462996 22 17
464133 27 20
464243 13 14
464385 8 6
464556 24 15
465012 34 18
465630 23 26
466322 5 9
466445 23 18
466447 21 20
467001 33 19
468078 27 25
468113 33 27
468363 31 19
468671 38 23
468896 35 24
469049 33 24
469104 18 23
469106 20 24
469340 14 13
469444 26 17
469511 22 18
469607 20 16
469693 24 15
470524 35 21
470601 31 33
470644 39 13
470655 37 12
470768 17 24
470986 23 18
471186 18 24
471523 12 20
471805 22 16
471860 27 26
472002 21 11
472077 8 4
472154 10 11
472287 20 18
484064 13 21
484344 18 24
484363 15 16
484557 18 25
484567 19 22
484745 16 19
484988 22 9
485189 16 14
485438 29 16
486000 18 20
486184 20 10
486398 17 20
486423 19 19
486492 12 9
486715 22 18
487270 7 7
487330 10 4
487566 17 18
487707 25 20
487983 19 15
488104 21 15
488143 20 19
488221 22 28
488773 28 18
489004 16 6
489252 17 6
489253 16 7
489274 22 10
489969 23 25
489978 23 24
490348 18 12
490915 16 10
491331 23 19
491386 14 20
491657 22 26
491780 16 16
492286 13 3
492477 9 16
492557 15 14
492669 27 25
492830 23 13
493110 18 18
493497 27 11
493631 19 15
494256 18 12
494343 18 11
494559 10 16
494594 15 12
494931 15 21
494940 18 21
494985 27 13
495103 28 17
495449 18 17
496020 16 16
497077 5 2
497250 7 6
497580 24 33
497606 23 22
497756 26 17
497870 24 17
497976 16 22
498140 16 19
498353 23 27
498443 40 16
498542 20 8
498782 19 11
499034 33 17
499109 18 10
499373 22 12
500150 13 13
500183 26 11
500353 12 14
500405 21 10
500572 19 9
500573 18 8
500827 19 21
501144 14 8
501160 17 10
501217 17 11
501274 29 24
501418 13 10
501439 16 8
501556 12 7
501697 18 16
501952 17 9
502130 20 11
502154 16 13
502167 15 12
502183 9 9
502251 22 18
502285 26 18
502456 15 15
502462 17 16
502678 12 15
502687 8 17
502789 15 12
502936 20 17
503323 26 15
503342 24 20
503770 39 18
503871 22 25
503931 32 22
504065 18 22
504149 29 11
504210 0 37
504635 34 19
504700 19 20
505141 20 21
505147 18 22
505288 18 15
505387 10 17
505464 21 20
505501 19 12
505528 21 7
505539 20 8
505589 19 17
505983 20 17
506229 24 7
506415 12 9
506503 19 14
506517 23 19
506565 19 17
506698 22 7
506894 20 22
506900 16 24
506920 15 19
507294 13 10
507326 17 14
507421 16 12
507721 24 18
507735 25 22
507773 21 15
508357 22 10
508505 25 18
508516 22 20
508520 24 20
508618 24 20
508673 18 23
508850 17 14
509101 23 26
509226 23 15
509737 29 20
510174 17 16
510192 22 24
510314 23 15
510380 18 10
510431 13 12
510539 17 12
510686 12 10
510737 12 11
510803 21 21
510862 18 20
510905 19 8
511236 17 11
511253 16 10
511423 14 12
511520 29 13
511645 20 16
511899 14 12
511900 15 13
511935 20 18
511940 16 15
513755 20 15
513798 18 22
513849 24 15
513865 24 19
514227 15 14
514311 15 10
514413 17 7
514456 30 17
514774 16 21
514828 22 14
514969 19 21
515254 26 16
515329 18 11
515342 17 12
515441 16 20
515486 28 24
516181 14 9
516361 6 4
516427 7 5
516596 24 17
516685 22 18
516686 22 18
516698 23 20
516822 26 13
516838 25 12
517085 13 16
517235 15 14
517485 18 13
517492 16 15
517762 4 14
517891 11 8
517917 16 8
518274 15 10
518433 25 18
518442 21 21
518456 21 17
518460 23 18
518485 27 18
518519 12 22
518603 4 7
518638 6 17
518712 20 11
518961 34 28
519310 10 11
519368 10 7
519599 7 14
519645 20 15
520799 28 18
520844 21 22
520976 19 18
521273 26 27
521636 25 23
522275 34 30
522472 30 25
522475 33 27
522494 32 29
522599 34 26
522839 33 21
523133 29 23
523340 13 19
523364 19 14
523858 14 11
524104 34 13
524204 26 22
524332 37 20
524361 33 15
524375 31 15
524395 24 19
524403 22 21
524426 29 17
524474 9 5
524609 12 14
524694 25 15
525061 40 26
525575 18 15
525736 17 2
525786 9 7
525983 25 20
526007 21 20
526027 26 12
526264 18 7
526296 22 10
526721 21 9
526945 25 18
526993 12 18
528630 27 13
531782 22 12
532018 20 14
532734 13 14
532907 23 22
532922 26 17
533993 17 16
534203 31 23
534215 32 18
534287 27 16
534747 22 20
535421 28 22
535613 21 22
535673 27 15
535757 24 13
535864 14 13
535921 19 15
536220 27 20
536253 26 13
536274 22 15
536283 20 18
536682 24 17
536865 24 13
536884 22 17
537348 14 12
537419 14 15
537456 25 15
537668 15 9
538026 12 5
538040 15 9
538514 23 8
538975 23 19
539044 23 20
539096 19 15
539137 21 5
539263 6 10
539266 6 10
539277 7 9
539603 16 6
539617 12 5
539643 11 10
539771 18 15
540006 13 18
540013 16 14
540068 19 19
540190 26 26
540424 23 11
540582 21 9
540630 8 14
540654 15 11
540764 17 17
540773 20 17
540781 21 16
540796 18 11
541604 20 15
541703 7 6
542104 16 15
542122 16 12
542284 27 19
542299 29 23
542611 15 14
542628 28 19
542762 20 10
543038 15 12
543055 16 15
543066 14 12
543095 18 12
543131 13 7
543241 21 19
543257 24 17
543374 16 13
543767 18 14
543869 17 13
543871 15 13
544094 22 17
544313 20 17
544475 15 22
544514 27 10
544615 22 17
545029 31 14
545044 26 18
545200 29 26
545224 26 25
545230 19 24
545240 18 21
545764 23 11
545808 17 13
546069 20 12
546094 21 19
546296 32 21
546359 31 21
546518 30 16
546521 28 18
546695 19 11
546725 14 15
546737 17 17
546794 25 15
546854 21 14
546875 19 10
547058 23 17
547073 23 15
547191 29 23
547220 23 21
547589 10 20
547721 30 20
547811 39 20
548003 26 23
548165 26 22
548238 21 16
548454 10 10
548479 19 17
548658 18 12
548661 16 9
549001 30 28
549533 20 18
550828 32 20
551493 17 14
552125 24 17
552140 23 21
552232 20 20
552520 22 14
552575 20 16
552596 18 19
552631 20 17
553432 11 11
554455 11 13
554508 19 13
554948 20 10
554990 15 10
555129 18 11
555153 20 12
556357 21 15
557581 17 11
557790 18 11
558217 23 20
558305 24 18
560028 24 24
560258 33 17
560594 24 13
561046 18 8
563281 24 11
568354 25 17
568525 25 10
568774 14 9
568778 15 10
568796 24 12
568983 19 15
569825 33 21
570413 30 12
570503 24 15
570639 17 17
570712 14 10
570813 13 6
571057 41 23
571267 38 20
571642 46 17
571669 38 19
571845 30 18
571900 38 17
572032 33 27
572108 33 13
572441 35 17
572666 42 25
572777 32 14
572927 35 19
573316 22 17
573322 23 19
573377 30 26
573572 49 28
573589 45 24
573677 36 26
573688 35 22
574025 26 20
574082 22 8
574106 18 11
574223 22 8
574253 20 17
574301 28 13
574403 46 14
574790 28 16
575540 30 27
575792 29 17
575867 36 16
576146 28 16
576173 19 13
576314 22 19
577532 35 26
577807 36 28
578047 47 19
578269 25 15
578398 31 23
578417 32 20
578446 34 18
578934 23 13
579103 26 19
579352 29 18
579654 33 20
579662 36 24
580095 40 16
580110 41 15
580303 11 6
580567 32 19
580657 23 7
580687 20 11
581077 22 15
581092 29 18
581419 30 15
581485 31 19
581629 31 11
581730 9 5
581826 25 8
581924 34 14
581996 31 20
582131 26 12
582205 25 13
582549 15 8
582779 19 8
582836 34 13
583169 16 12
583214 20 9
583227 21 7
583347 28 16
583438 41 14
583733 18 12
584116 22 15
584122 22 14
584200 16 6
584476 25 16
584575 23 17
584581 22 17
584632 23 17
584659 31 16
584913 30 20
584983 19 9
585603 18 11
585609 18 10
585632 12 7
585633 12 7
585634 12 7
585770 14 12
585785 23 14
585858 15 11
585914 16 10
585928 21 9
586154 20 9
586618 31 13
586706 28 15
586817 33 8
586818 32 8
586906 20 12
586923 13 13
586939 11 9
586957 15 11
587335 13 12
587502 16 12
587583 26 11
587662 43 21
587799 20 11
587834 23 9
588351 27 15
588773 15 8
588884 15 5
589258 13 9
589409 35 20
589488 19 11
589568 25 13
589635 23 20
589781 24 13
589846 22 12
589894 21 16
589973 15 8
590021 11 9
590610 19 14
590704 30 13
591080 35 9
591535 31 15
591544 36 13
591743 24 11
591935 18 9
591963 22 13
592354 33 11
592540 15 10
592678 22 5
592723 23 13
592909 21 17
593020 21 15
593065 25 12
593405 25 15
593944 34 23
594038 33 8
594702 18 13
594724 21 13
594897 22 10
595028 37 8
595032 39 10
595271 30 13
595631 26 15
595653 30 11
595985 30 16
595994 31 18
596309 32 16
596351 36 21
596459 38 16
596603 30 14
596660 18 11
596829 28 18
596885 18 13
597281 24 16
597452 30 18
597650 25 17
598106 27 24
598193 21 15
598351 31 5
598463 20 12
598868 30 22
599331 29 8
599385 42 16
599703 30 14
599907 26 15
600164 39 7
600232 27 20
600279 35 15
600387 29 9
600478 29 12
600580 19 10
600705 26 10
600961 41 11
601089 31 20
601091 33 20
601578 39 16
602423 22 10
602460 41 13
602635 30 21
602822 31 20
603030 23 11
603083 12 3
603248 30 11
603320 32 14
603684 33 16
604031 25 14
604060 18 6
604061 19 6
604063 20 5
604102 38 13
604147 37 14
604706 15 9
604779 21 4
604920 12 10
605067 18 5
605073 18 5
605164 21 14
605410 26 12
605538 34 10
605856 18 13
606276 19 17
606291 29 12
606358 34 9
606373 25 11
606400 25 14
606401 26 14
606414 25 10
606470 28 18
606566 32 7
606717 36 16
606955 24 10
606970 28 6
607038 18 7
607253 18 13
607289 26 11
607352 23 11
607378 20 9
607382 18 10
607425 13 4
607433 9 2
607449 10 3
607499 16 7
607514 22 12
607627 24 16
607663 34 10
607755 19 14
607797 17 8
607799 16 6
607939 27 8
607966 18 3
608002 14 3
608082 14 9
608111 24 9
608148 25 10
608172 32 5
608175 30 5
608290 17 5
608314 18 8
608486 15 23
608512 16 15
609401 21 14
609489 9 8
609826 26 16
610261 22 14
610441 27 13
610775 13 7
610783 14 6
610942 18 12
612201 20 14
612268 21 12
612895 31 8
613108 16 3
613128 22 2
615280 28 4
619514 17 11
619963 25 10
619998 19 16
620042 20 16
620243 11 6
620359 17 7
620571 14 5
620652 18 7
621689 29 10
621767 34 20
622006 28 18
622067 38 20
622374 34 16
622579 43 11
622786 38 16
622861 35 16
622897 24 15
623027 23 17
623171 28 14
623173 25 14
624392 49 19
624461 32 15
624657 21 12
624776 28 13
624788 32 12
625022 32 12
625103 28 15
625175 36 15
625178 37 12
625479 42 0
625724 27 20
625744 28 13
625781 33 15
625981 21 8
626291 16 10
626612 32 13
626651 24 13
626723 23 9
626933 37 12
627049 27 15
627121 25 9
627269 25 8
627366 38 0
627368 37 0
627462 29 11
627523 38 0
627524 38 0
627535 20 14
627616 21 11
627930 22 12
627936 23 10
628026 16 7
628032 20 5
628036 20 3
628307 28 14
628423 11 7
628611 20 9
628880 32 9
628886 31 7
629019 41 17
629024 44 16
629071 32 11
629080 31 10
629087 32 11
629123 35 13
629150 26 5
629172 24 8
629305 20 6
629471 10 10
629479 18 0
629484 9 7
629555 10 7
629778 29 15
629868 23 5
630138 34 14
630362 28 11
630408 33 12
630483 33 12
630705 21 19
630717 25 19
630732 30 15
631257 27 8
631275 27 9
631967 44 13
631971 41 14
633476 12 2
633855 30 11
637656 18 7
638719 33 8
639030 21 9
639251 20 6
640457 33 13
640491 26 10
641742 14 5
641802 14 5
642095 24 9
642306 34 12
642368 39 9
644086 19 3
644489 22 7
644537 29 10
644695 35 8
645015 24 10
645055 26 17
645350 24 8
645554 25 11
646007 19 4
646345 29 6
646421 33 12
646485 28 11
647185 33 16
647211 25 8
648420 35 8
648450 31 10
649024 26 13
649208 14 6
649599 42 7
651263 17 7
652351 38 16
652580 21 9
653015 31 12
653272 34 9
653744 30 10
654601 32 9
655464 42 15
656556 17 7
657699 21 12
657847 15 6
657917 30 13
658083 32 14
658550 22 15
658654 17 7
658901 16 2
659005 15 8
659414 32 14
659764 19 5
659887 20 11
659920 23 9
660391 22 8
660476 26 9
660535 26 12
660742 35 21
660759 29 13
660775 21 8
661036 38 9
661039 35 11
661160 32 8
661219 29 10
661255 28 7
661359 29 9
661387 36 13
661495 23 15
661777 32 17
661909 25 14
661915 27 11
662135 30 12
662180 30 13
662182 30 12
662193 32 8
662206 30 8
662251 31 11
662271 36 6
662311 28 10
662407 25 15
662668 26 11
662758 18 9
663002 22 7
663071 29 9
663072 29 8
663087 31 6
663500 36 17
663579 37 3
663957 15 0
664656 53 0
664813 34 12
665439 31 8
669416 14 4
670282 31 0
670668 31 7
671059 19 13
673591 47 14
673943 24 5
674559 23 7
675065 20 5
675275 22 8
675960 22 10
676909 31 0
677347 5 2
682893 23 13
683960 24 11
684034 8 6
684036 6 6
684747 27 9
685143 22 12
685197 11 9
685851 35 14
685971 22 7
686422 27 7
686487 17 12
686549 23 8
686687 13 7
686725 11 6
686883 20 5
686935 28 12
687981 25 0
688153 25 11
691909 16 10
692010 25 11
693176 37 18
694030 24 6
695891 32 11
697599 0 27
697612 0 28
697614 0 25
697626 0 35
698455 43 19
699010 28 13
699840 31 17
701017 28 16
701302 21 17
701816 19 10
703105 11 7
703328 28 22
703459 16 12
703490 7 10
703587 30 21
703618 40 15
703798 22 16
703847 26 12
703882 25 13
704017 37 14
704168 41 30
704299 37 21
704414 17 14
704415 17 14
704524 34 13
704784 20 19
704971 30 14
704987 29 13
705105 19 16
705289 30 10
705412 27 10
705439 27 14
705531 20 6
705570 19 9
705575 17 9
705837 37 19
705854 36 14
705906 26 17
705909 26 15
706124 31 17
706188 28 11
707007 15 10
707019 17 10
707032 18 14
707078 27 18
707195 22 18
707249 15 18
708218 20 12
708353 20 0
708437 20 0
709353 59 0
709358 34 27
710002 23 14
710086 21 17
711324 23 10
712169 9 1
715556 29 16
715563 30 14
716148 36 0
716501 31 0
716636 19 12
717670 43 0
717706 28 19
717774 42 0
718406 17 20
718422 20 20
719103 23 8
719585 19 9
719591 20 4
719831 22 24
720743 26 15
721291 12 10
722119 22 8
722183 15 6
722251 27 10
722284 45 0
722313 24 13
722665 29 20
723680 30 12
723919 18 6
724245 28 24
724283 61 0
724363 32 20
724991 26 0
725009 16 15
726746 19 21
727012 19 16
727111 32 0
727117 23 13
727630 0 47
738064 18 13
