19663 11 9
24460 52 26
24472 52 32
24487 63 41
24531 51 33
24639 48 26
24646 50 25
24820 44 29
24838 49 28
24856 58 32
24872 65 31
24886 55 35
24907 46 35
25024 51 34
25026 50 36
25054 45 26
25562 67 39
25621 45 34
25719 46 39
25876 56 34
26107 44 29
26190 47 31
26201 49 36
26367 43 28
26480 47 44
26555 61 31
26566 54 33
26601 51 28
26630 56 26
26665 51 36
26694 44 37
26909 61 37
26945 51 29
26957 39 30
26987 49 39
27162 57 28
27202 45 33
27209 48 35
27300 49 26
27329 53 35
27331 49 36
27338 48 35
27509 52 37
27779 66 43
27941 51 31
28010 59 40
28143 56 35
28146 57 36
28177 66 25
28379 46 43
28400 48 38
28421 58 36
28713 30 30
28768 42 36
28794 45 39
28823 48 40
28918 42 25
29087 47 27
29144 35 26
29240 46 28
29254 43 25
29366 45 23
29422 55 30
29514 53 26
29537 56 37
29539 53 37
29609 39 16
29670 42 26
29790 41 36
29805 49 23
29814 55 24
29942 44 47
29943 44 49
29956 41 53
30147 47 27
30159 44 30
30163 44 28
30272 54 32
30287 59 36
30290 64 39
30331 50 29
30484 48 21
30541 48 33
30578 47 23
30628 51 31
30655 54 29
30666 58 32
30684 57 28
30688 57 28
30700 59 23
30924 50 22
30981 64 36
31016 57 35
31170 62 31
31174 59 31
31609 57 36
31613 55 39
31755 62 37
31773 55 33
31778 55 31
31797 49 28
31823 37 31
31837 39 29
31899 38 33
31963 55 30
31974 48 33
32003 43 33
32050 63 36
32713 50 33
32767 53 30
32846 43 27
32963 55 43
33177 47 22
33255 30 18
33288 34 23
33472 42 22
33524 56 25
33661 37 14
33709 58 22
33799 44 30
33846 37 23
34011 66 37
34092 60 40
34146 53 35
34437 60 24
34464 59 30
34680 47 33
34836 50 30
34917 52 45
34934 61 37
35034 54 23
35562 65 29
35622 60 33
35631 64 32
35650 61 36
35679 57 33
35703 54 26
35751 35 31
35811 46 33
35829 43 36
35922 48 30
36033 44 34
36049 44 24
36138 57 32
36216 62 29
36356 37 22
36582 55 32
36793 48 28
36817 44 30
36819 47 27
37126 51 35
37499 59 24
37924 48 33
37937 54 27
38094 53 40
38154 55 42
38249 65 35
38300 46 32
38386 53 36
38690 45 21
39240 44 26
39499 66 32
39597 65 30
39656 66 43
39813 60 36
40099 34 12
40106 33 13
40238 47 29
40730 47 40
41106 57 35
41249 27 30
41576 57 34
41793 53 17
41802 53 20
42450 50 31
42957 51 29
43108 54 25
43260 49 33
43593 43 29
43680 38 20
44211 72 25
44499 49 28
44862 45 24
44979 58 28
45075 55 36
45216 59 28
45624 52 28
45741 36 20
45921 48 30
46266 47 28
46830 51 25
46992 48 22
47083 56 28
47472 22 15
47898 74 26
47940 47 29
48014 52 35
48178 63 38
48185 56 35
48514 53 25
48558 62 28
48798 60 39
49356 49 25
49404 54 25
49499 40 24
49500 40 23
49550 50 30
49767 46 29
50433 52 38
50477 54 26
50612 36 18
51006 44 45
51320 42 24
51408 44 29
51486 40 27
51508 41 26
51722 66 33
52035 60 24
52230 42 24
52392 49 32
52756 42 23
52824 34 22
52904 35 23
52931 49 28
53176 33 25
53311 75 38
53512 50 26
53549 50 33
53567 55 35
53591 46 29
53600 46 22
53841 51 23
53945 42 32
54231 66 28
54265 43 28
54419 52 27
54824 49 33
54930 59 26
54947 48 24
54959 38 21
54989 53 37
55275 50 20
55334 43 24
56021 45 24
56319 11 8
56610 46 32
56788 66 30
56998 55 28
57031 53 31
57143 68 26
57447 53 19
57611 58 34
57859 73 38
58021 55 32
58039 57 30
58195 51 30
58201 49 30
58705 58 25
58992 53 28
59186 59 20
59201 58 28
59250 54 33
59300 60 28
59375 65 39
59781 50 27
59944 58 26
59965 70 26
59989 57 26
60176 58 27
60297 61 26
60423 43 25
60643 49 31
60673 17 15
60840 65 32
60977 66 28
61048 49 22
61389 53 22
61447 60 42
61543 57 30
61582 65 30
61678 84 28
61706 73 29
61711 70 28
61812 71 35
61825 69 39
61891 57 38
61924 52 36
61972 81 32
61993 74 34
62014 60 29
62063 45 31
62569 70 39
62855 67 24
63277 69 30
63403 64 27
63595 46 18
63647 50 21
64091 64 30
64514 57 23
64609 75 24
65005 42 18
65467 69 25
65788 56 23
66127 45 26
66253 57 27
66409 47 29
67072 58 25
67227 62 25
67352 44 37
67629 38 29
67652 45 26
67658 49 21
67684 36 15
67834 54 26
67905 56 21
68088 73 28
68512 56 22
68932 54 26
69578 59 33
69758 69 32
69812 58 34
69955 70 32
70070 54 30
70340 50 27
71177 65 28
71180 68 27
71576 51 30
71690 68 26
71750 46 38
73366 70 22
73389 50 20
73578 53 32
73706 61 27
74008 59 25
74075 47 20
74360 46 24
74753 42 19
74903 63 35
75335 41 21
75338 38 22
75341 43 24
75364 43 24
75367 46 24
75535 60 23
75551 55 17
75557 48 17
75667 47 18
75697 56 28
75959 38 20
76071 50 15
76155 55 26
76240 74 0
76674 56 15
76675 56 15
76724 72 22
76742 59 17
76745 57 19
76766 55 18
76840 55 29
77138 56 25
77201 54 21
77341 69 24
77353 65 21
77569 73 28
77581 69 28
77728 55 21
78220 60 23
78271 51 26
78484 68 24
78940 64 16
78979 43 24
79090 73 28
79639 55 24
79644 62 25
79803 67 25
79809 72 29
79828 75 24
79832 75 25
80052 51 23
80074 43 16
80091 46 20
80099 54 24
80205 64 24
80220 61 19
80355 83 31
80356 80 31
80430 67 27
80436 72 22
80592 60 23
80601 66 23
80739 53 25
80823 40 21
81025 60 21
81334 77 0
81384 59 17
81600 64 27
81873 66 20
81926 31 0
81983 31 14
82179 75 36
82251 69 27
82638 52 16
82784 51 28
82806 54 28
82980 55 17
83217 71 24
83268 71 23
83295 67 33
83385 49 18
83618 76 21
83774 47 24
83795 69 32
84184 70 25
84307 82 34
84652 54 18
84892 65 30
84904 76 24
84957 91 0
85182 63 25
85261 57 24
85451 51 28
85480 57 19
85503 54 20
85604 65 23
85612 72 24
85653 72 25
85782 60 17
85815 47 12
85891 64 17
85998 54 27
86036 56 24
86054 63 19
86087 55 25
86235 43 19
86325 48 23
86348 52 32
86414 63 20
86564 61 20
86687 64 23
86862 74 26
87112 64 31
87121 56 27
87213 70 16
87513 48 12
87875 56 28
87901 54 29
88030 61 28
88206 86 26
88470 62 23
88503 71 24
88577 62 22
88582 65 18
88711 50 17
88834 58 31
89004 75 0
89047 45 22
89086 55 24
89146 57 16
89201 25 7
89267 61 26
89309 59 22
89343 54 26
89435 59 21
89541 62 23
89642 73 28
89837 56 29
89885 69 20
89904 85 25
90032 66 20
90194 62 24
90238 64 17
90251 55 13
90354 60 25
90364 87 0
90407 53 19
90429 62 21
90458 81 22
90677 45 14
91218 58 14
91261 73 18
91362 31 12
91727 29 15
91801 40 13
91814 26 11
92203 57 19
92509 77 18
92627 54 24
92929 61 31
92993 56 36
93004 61 34
93118 62 15
93283 85 25
93535 54 19
93582 48 14
93718 62 27
93748 62 18
93779 66 17
93824 67 19
93916 76 18
94097 73 20
94115 62 14
94324 72 18
94350 85 22
94498 69 17
94746 57 20
94773 73 29
94843 53 17
95086 49 13
95202 51 21
95562 53 19
95811 65 22
95999 48 15
96056 55 0
96191 54 18
96321 53 26
96362 55 28
96376 63 27
96422 67 22
96461 58 28
96718 66 30
96721 64 29
96765 44 18
96887 64 26
96899 68 32
96906 63 28
97033 52 24
97060 48 26
97115 41 22
97208 57 19
97320 69 15
97364 76 21
97449 60 26
97488 70 0
97551 58 23
98099 61 19
98623 74 23
98671 83 13
98923 40 17
99109 60 34
99468 92 0
99718 75 21
99766 86 0
99844 68 26
99898 69 24
99922 82 25
99934 81 27
99955 55 23
100276 54 17
101173 52 14
101194 64 16
101229 63 21
101457 80 15
101646 54 27
101712 63 26
101799 70 15
102275 94 0
102356 67 24
102609 99 1
102641 75 0
102642 74 0
102655 75 16
103345 84 23
103471 63 17
103594 76 21
104545 39 17
104556 33 18
104783 53 27
105163 65 21
105255 63 35
105483 86 18
105636 60 20
105657 54 22
105711 60 33
105822 64 22
106165 37 13
106238 60 28
106319 50 20
106714 54 19
106886 42 13
106912 53 17
107032 73 24
107085 60 20
107232 61 30
107250 57 26
107316 52 15
107390 64 25
107463 80 24
107478 80 21
107511 68 24
107550 81 21
107682 73 28
107973 63 23
108084 74 25
108136 75 24
108240 71 18
108252 73 13
108459 55 24
108609 64 15
108705 68 26
108715 61 24
108777 75 16
108897 69 22
108947 53 22
109206 72 18
109474 37 16
109560 49 15
109680 50 20
110046 77 27
110553 66 18
110601 60 29
110630 37 21
110853 64 18
110994 51 27
111082 49 21
111898 68 18
112228 76 28
112234 71 25
112468 59 18
112570 70 21
112726 61 25
112786 60 23
112933 59 23
112960 57 24
112986 70 24
113456 39 19
113500 45 13
113618 65 17
113662 53 19
113748 24 5
113841 89 0
113972 47 17
114128 79 31
114169 82 27
114209 53 30
114293 60 11
114577 49 23
114626 82 18
114820 57 11
114826 56 11
115220 70 27
115628 60 15
115675 67 19
115895 33 18
116012 45 15
116015 46 16
116036 43 13
116061 44 21
116148 70 20
116259 72 31
116290 79 31
116535 54 18
116558 42 16
116563 41 16
116824 61 17
116865 50 20
116901 50 19
116911 45 14
116981 44 21
117034 63 17
117070 64 23
117554 54 27
117710 61 22
117787 58 21
117873 41 11
118005 66 28
118035 60 25
118131 59 20
118164 63 20
118195 67 18
118260 62 27
118272 66 26
118414 61 19
118620 73 28
118767 69 25
118899 39 22
118983 51 19
118992 54 17
119130 64 33
119231 73 21
119580 59 14
119840 60 30
119901 51 21
120101 57 14
120191 67 26
120286 56 26
120353 57 23
120389 37 15
120623 54 19
120920 8 6
121274 65 27
121333 60 16
121343 62 14
121379 55 21
121619 59 26
121720 61 26
121806 48 24
121831 47 19
122067 34 17
122827 0 81
122983 0 84
123018 59 17
123021 0 77
123022 0 73
123308 61 0
123309 48 14
123313 75 0
123365 71 19
123373 68 15
123375 69 16
123416 59 31
123435 55 27
123585 58 26
123827 61 23
124059 56 19
124137 70 21
124152 61 14
124182 78 24
124548 55 26
124550 56 26
124607 62 18
124647 46 19
124686 52 12
124857 65 21
124872 66 21
124884 70 21
124919 49 18
124924 48 19
124928 48 19
125016 57 29
125046 51 28
125047 50 29
125161 77 23
125239 52 28
125241 57 25
125292 67 17
125335 72 27
126838 46 23
126872 41 21
127049 78 24
127076 74 29
127321 63 18
127562 48 25
127603 63 23
127675 51 22
127838 55 23
128398 60 25
128484 53 26
128555 52 26
128568 52 25
128641 63 23
128805 69 27
128920 66 25
129109 54 0
129114 46 16
129352 78 26
129907 60 20
130169 63 27
130648 53 28
130769 53 14
131163 60 26
131231 56 24
131235 57 24
131353 63 32
132400 56 23
133187 73 22
133349 65 21
134080 52 16
134507 70 23
136190 63 22
136197 60 19
136199 61 20
136501 46 19
136600 62 21
136618 57 20
136643 54 26
137762 58 25
137835 67 24
138276 60 25
138408 60 19
139008 55 22
139029 48 19
139083 41 27
139137 69 27
139209 52 15
139433 31 19
139463 50 23
139500 54 33
139501 53 32
139558 50 33
139708 48 18
139814 64 30
140412 50 25
140539 62 31
140644 46 29
140777 57 29
140869 70 23
140913 55 28
141371 46 26
141895 49 18
142008 63 28
142017 59 29
142163 49 33
142251 53 27
142635 42 29
142895 63 27
142988 61 34
143158 65 31
143161 62 29
144126 53 29
144132 56 32
146897 43 19
148056 55 29
148288 59 30
149006 49 20
149080 73 11
149096 61 14
149147 52 30
149207 45 22
149315 47 42
149396 59 34
149565 75 23
149675 62 28
149816 50 36
149859 50 37
150176 48 31
150259 47 21
150260 49 20
150477 51 25
150558 70 21
150683 51 20
150690 46 21
150701 44 28
150759 52 28
150813 51 25
150824 55 26
150916 37 16
151216 68 29
151489 70 35
151604 46 19
151840 65 27
152131 70 28
152239 48 22
152407 62 26
152470 53 30
152572 60 31
156971 52 31
157482 39 26
157614 55 26
157816 35 29
159750 43 20
159773 38 13
159783 45 17
159825 36 18
159854 40 20
160144 31 24
160217 57 41
160218 57 41
160264 62 39
160270 67 41
160394 57 47
160495 59 32
160925 65 38
161012 46 32
161018 53 33
161591 50 25
162187 50 28
162203 52 27
162218 38 32
162223 35 31
162322 51 29
162419 37 36
162432 32 31
162517 55 31
162760 45 32
162763 46 30
162817 43 29
162827 54 31
162917 56 35
162932 58 27
163047 45 24
163365 44 13
163412 55 33
163417 52 32
163441 50 24
163462 57 30
163502 44 30
163651 61 35
163825 52 30
163953 55 36
163988 42 31
164150 57 16
164303 43 24
164839 49 31
164950 60 33
165364 49 35
165516 51 32
165709 39 21
165715 43 23
166570 62 38
166809 48 29
167191 55 50
167284 44 35
167365 55 39
167809 61 38
170074 64 32
170551 54 26
170605 62 41
170644 55 29
171352 64 39
171610 53 33
171622 57 34
171759 58 35
171995 92 0
171996 91 0
172235 66 39
172652 51 33
172655 49 33
173732 48 38
173878 57 25
175025 44 34
175308 28 40
175550 67 41
176223 60 35
178005 46 29
179432 77 0
179434 78 0
179613 54 29
181210 53 38
183604 57 29
183734 39 28
183823 51 26
183929 39 27
184240 64 40
184417 36 30
184588 50 34
185086 62 43
185237 36 52
185491 27 11
185534 28 28
185617 42 41
185637 56 34
185692 54 25
186021 45 31
186313 39 44
186677 49 40
187649 47 24
187762 42 13
187778 45 21
188328 54 33
188565 38 42
188642 50 32
188958 34 45
189102 47 40
189148 50 32
189415 46 29
189438 41 25
189440 41 24
189628 30 34
190078 50 33
190176 59 20
190299 34 23
190557 50 36
191869 48 39
192038 50 36
192064 51 34
192484 48 28
192953 67 42
193385 41 32
193400 35 31
193403 38 34
193551 20 19
193636 35 31
193714 38 37
194037 54 41
194078 61 42
194787 61 30
194919 32 17
195073 18 17
195346 44 40
195660 53 37
195960 51 50
196202 47 52
196447 35 40
196498 40 41
196513 49 42
196720 49 39
197014 45 34
197268 35 35
204582 50 45
204583 51 45
204635 39 40
204722 33 34
205036 52 38
205082 55 44
205197 41 25
205346 86 0
205698 46 42
205739 56 38
205928 41 34
206105 41 46
206265 40 33
206531 40 30
207689 31 23
208635 57 55
209315 48 35
210339 47 34
210753 54 45
211223 41 30
211337 35 45
211431 39 41
211632 38 23
211839 37 37
212465 43 45
212916 48 41
213005 50 37
214247 60 46
214692 33 42
215040 44 37
215063 50 37
215112 40 40
215383 46 39
215476 47 39
215631 31 15
215954 49 40
216032 48 42
217738 42 36
218001 54 44
218332 59 34
219098 60 39
219318 38 52
219348 36 44
219716 60 43
220309 51 42
220320 54 43
220395 49 31
220521 37 37
220616 55 43
220982 44 36
221600 35 47
222557 61 45
222816 49 31
223459 30 44
224067 48 33
224211 47 36
225908 45 39
225959 48 29
226659 29 31
226811 34 35
227297 39 34
227823 48 45
227919 40 26
228192 43 35
228532 39 30
228667 44 29
228726 36 39
228787 40 24
229796 40 56
230458 40 21
232137 34 35
239860 44 43
240076 55 31
241265 31 42
245950 27 35
247931 39 50
248162 50 40
248305 47 34
248322 38 38
248371 37 36
248871 31 34
248950 37 24
249336 52 46
249916 46 50
250144 43 39
250534 33 48
252557 45 33
252633 31 30
257028 28 32
257514 39 34
258018 43 46
258135 45 37
260287 47 51
262891 46 40
263501 44 37
265903 32 30
266734 56 47
267202 36 41
267348 39 48
268164 32 31
272184 57 38
272840 53 34
275945 42 45
276446 34 40
277458 40 37
277616 47 45
277753 45 38
279696 48 50
280330 46 46
280996 32 26
280999 31 23
281049 28 37
282731 39 33
284302 52 50
286179 37 28
287730 40 30
288312 36 26
288602 43 43
290876 54 37
290961 31 35
291241 37 28
291954 39 44
292063 39 45
292609 30 47
292923 39 46
293181 46 39
293215 43 49
293524 32 42
294073 41 39
294325 44 36
294326 46 38
294581 43 31
296099 42 51
296865 36 44
297036 59 45
297725 33 42
297823 60 50
297969 35 48
298675 33 31
298908 22 28
300619 33 38
301860 43 56
303262 32 36
303309 51 43
303576 49 50
305970 42 30
306625 34 34
307093 40 31
307480 37 34
307781 46 47
309351 33 33
310777 23 37
311266 33 39
312396 51 41
312475 47 52
315230 51 39
316199 37 45
316278 62 50
316528 52 52
316564 47 55
316583 36 42
319265 34 41
319857 24 33
320252 38 47
320604 37 41
320605 38 40
323023 38 46
323062 40 42
323139 35 39
323287 34 32
323306 25 28
323307 25 28
323334 19 25
323350 17 33
323354 20 35
323378 31 38
323456 48 49
323594 46 41
323630 37 35
323696 39 34
323795 30 40
323888 43 41
324257 48 53
324425 44 56
324620 44 46
324785 19 30
324823 36 39
325325 42 50
325362 30 26
325428 38 34
325498 29 57
325751 42 40
325796 35 47
325853 43 48
325939 53 41
326084 43 39
326286 44 42
326415 41 50
326490 32 24
326610 31 28
326676 49 33
326708 48 35
326982 49 42
327494 42 40
327711 47 36
327802 44 35
327844 30 42
327939 47 28
327979 46 37
328155 42 49
328267 26 39
328444 35 44
328732 49 44
328870 51 41
329083 46 39
329185 39 32
329723 44 47
329851 34 46
329896 40 46
329994 53 40
330043 34 29
330137 22 27
330161 33 29
330184 34 36
330365 37 20
330463 43 44
330550 44 33
330760 48 53
331057 36 41
331102 42 43
331405 36 31
331632 32 52
331804 41 37
331858 52 46
331927 35 48
332534 48 49
332588 42 47
332590 40 47
332614 37 47
332658 37 32
333068 41 41
333129 66 44
333405 39 50
334118 28 38
334197 58 36
334257 42 46
334284 47 38
334674 37 48
334851 50 54
335141 41 37
335781 35 28
336376 44 38
336505 39 44
336544 42 37
336576 51 33
336606 46 34
336718 46 38
336748 41 39
336937 36 48
337043 25 42
337080 37 52
337126 20 22
337215 54 31
337256 43 33
337338 38 40
337429 35 44
337461 44 46
337544 28 42
337572 34 36
337720 53 54
337888 34 39
339006 42 35
339339 31 43
339419 31 38
339422 32 33
339439 29 34
339444 27 38
339486 37 30
339505 46 44
339650 41 42
339662 52 46
339989 51 33
340007 55 31
340088 31 36
340152 51 38
340458 53 36
340730 45 38
340755 39 40
340940 55 41
341283 35 40
341289 31 45
341415 47 47
341559 47 45
341579 46 51
341790 40 42
341836 46 42
342006 39 44
342283 34 32
342450 26 32
342472 28 31
342498 40 26
342551 55 39
342844 46 48
342949 53 42
343405 42 31
343438 57 44
343816 34 31
343849 34 39
343864 45 38
343913 52 39
344387 32 46
344453 31 52
344725 51 39
344740 46 37
345055 30 45
345139 54 37
345358 40 46
345824 26 29
346481 41 35
346488 45 36
346636 45 45
346728 40 42
346851 51 31
347845 39 45
347944 56 35
348193 40 48
348285 47 47
348577 46 51
348645 37 28
348682 27 22
348743 19 20
348746 22 19
348763 32 22
348950 42 30
348969 38 34
348971 37 29
349377 32 58
349389 34 54
349633 46 41
349857 52 37
349936 42 30
350344 47 42
350413 32 50
350644 43 43
350734 39 41
350764 28 32
350941 39 48
351156 48 28
351700 34 52
351724 37 36
352045 42 42
352297 35 39
352315 34 24
352601 33 47
352613 30 44
353158 48 28
353323 35 46
353329 41 43
353464 42 42
353740 49 33
353747 41 35
353798 29 33
353819 37 24
353832 39 22
353855 40 28
354226 33 24
354360 38 26
354435 35 36
356472 63 47
357345 49 30
357828 53 31
357831 50 33
358151 33 41
358183 41 35
358308 39 43
358347 41 43
358384 43 41
358545 41 44
358748 36 24
358806 37 47
358902 37 38
358950 53 35
359067 34 40
359244 47 33
359294 47 43
359397 41 54
359438 42 42
359852 38 22
360010 40 31
360045 44 27
360179 42 43
360299 48 38
360310 48 38
360326 40 47
360581 48 44
360739 58 35
361117 45 48
361333 40 35
361355 35 33
361478 49 43
361511 54 46
361525 53 45
361550 44 48
361960 45 46
362111 31 43
362146 38 40
362189 45 62
362242 34 38
362309 50 49
362831 43 42
362879 54 38
363080 37 40
363671 39 47
363716 45 35
363719 44 39
363760 53 30
364021 37 28
364139 44 43
364179 45 27
364390 38 34
364400 37 43
364562 43 27
364714 49 39
364754 39 30
364931 42 39
365015 38 42
365248 47 38
365800 67 33
366116 49 33
366393 31 34
366475 55 37
366485 52 38
366664 51 44
366666 51 47
367559 38 38
367587 36 39
368788 47 44
369317 35 43
369419 32 31
369893 56 42
370400 41 28
370543 32 42
371564 41 43
372437 43 40
372469 33 28
372578 30 30
372692 45 47
373136 38 28
373244 29 34
373520 49 35
373768 39 39
373957 41 43
373966 37 44
374189 34 22
374237 51 31
374310 39 36
374336 36 46
374585 15 28
374600 31 30
374617 42 31
374921 34 28
375062 40 36
375093 39 40
375283 46 29
375291 43 30
375385 45 40
375431 41 46
375914 11 7
375922 12 5
375974 43 38
376041 44 45
376064 41 42
376372 53 24
376598 35 34
377101 43 35
377536 34 26
377625 36 37
377724 48 40
377776 36 44
377793 35 45
377998 48 39
378104 32 34
378124 27 30
378164 44 37
378245 37 31
378259 33 29
378489 41 28
378550 40 40
378560 35 44
378601 42 40
378862 41 37
378866 41 42
379261 43 41
379579 43 28
380273 40 40
380362 42 45
380387 49 49
380401 45 43
380416 47 33
380699 39 40
380722 48 36
380845 39 43
380985 42 44
381016 39 37
381263 37 43
381889 74 38
382072 47 29
382558 44 46
382592 64 57
383410 40 37
384516 57 48
384846 46 39
384933 58 40
384966 35 41
385065 58 39
385179 30 38
385347 51 31
385629 42 41
385896 47 39
385914 45 37
385983 41 47
385984 42 47
386160 37 24
386279 32 27
386289 35 31
386487 39 28
387176 42 39
387406 40 24
387626 42 37
387630 45 39
387760 50 56
387835 35 36
388192 27 36
388381 41 36
388756 43 44
388813 41 49
388818 41 48
388837 34 46
388996 45 46
389107 45 42
389236 42 41
389406 49 44
389725 46 38
389773 30 32
390036 47 23
390037 49 25
390895 44 25
391240 46 38
391686 37 30
391810 40 32
392314 53 31
392339 53 41
392780 44 39
393281 52 46
393416 41 30
393494 54 47
393557 40 43
393911 46 34
394229 39 37
394334 57 44
395798 30 27
396086 54 37
396812 28 24
397065 37 28
397086 40 29
397695 43 39
398086 40 25
398184 55 37
398418 54 26
398562 34 39
398990 46 36
399115 39 39
399356 36 39
399383 50 37
399972 42 33
400109 30 42
400110 29 44
400328 41 38
400381 58 41
400490 51 45
400562 49 42
400571 51 42
400801 59 38
401641 34 29
402343 57 49
402389 44 31
402976 52 47
403396 47 37
403840 46 36
403960 43 24
404553 51 31
404618 48 47
404809 46 43
405237 43 25
405258 30 30
405299 49 33
405382 45 46
405565 52 32
405877 38 33
405988 37 29
406666 44 40
406938 62 42
407023 49 40
407527 41 34
407609 42 38
408137 47 42
408203 46 25
409185 42 35
409304 38 34
409471 43 36
409817 58 34
409985 48 29
410052 54 31
410074 52 40
410102 52 43
410123 37 33
410132 37 28
410135 35 32
410181 50 30
410358 44 42
410371 38 33
410383 39 29
410397 46 26
410555 36 32
410943 55 44
410972 45 45
410984 43 43
414096 26 26
414286 82 0
414287 86 0
414534 49 39
414828 51 28
415089 47 26
415133 33 18
415223 47 33
415459 48 37
415493 40 38
415533 59 45
415553 49 38
416067 45 30
416070 39 35
416403 40 24
416438 41 33
416864 14 13
416900 12 13
417025 32 30
417305 24 19
417319 20 23
417343 36 22
417420 43 25
417462 30 25
417535 26 25
417724 38 28
417795 42 37
417869 56 31
418396 44 28
418700 45 35
419071 25 36
419219 40 40
419389 42 37
419607 2 68
419751 41 39
419753 39 38
419932 45 24
420636 1 75
420638 0 79
420783 56 38
421509 81 0
421575 63 33
421894 30 19
421922 36 22
421969 30 30
421986 27 42
422118 22 29
422211 34 25
422412 48 30
422521 42 26
422589 30 18
422675 38 30
422889 35 27
423278 43 32
424338 48 39
424345 50 42
424398 57 35
424547 38 31
424713 41 25
425075 63 34
425100 57 45
425121 55 43
425496 51 35
425921 40 33
426279 44 28
426608 45 36
426861 42 31
427437 40 25
427729 34 26
428007 40 50
428080 50 37
428250 41 39
428544 50 54
429429 37 35
429695 49 37
429918 53 41
430089 54 32
430095 60 31
430335 48 36
430641 40 39
430719 47 41
431346 26 22
431384 33 18
431401 32 18
431523 35 34
431539 33 33
431546 42 34
431562 46 35
431665 46 37
431887 47 34
432064 44 34
432570 35 22
433320 49 27
433360 68 36
433678 46 39
434026 51 34
434052 36 34
434427 48 31
434831 49 37
434850 43 38
434879 32 37
435094 37 38
435246 34 35
435630 41 31
435804 43 39
436033 38 37
436103 48 26
436304 29 19
436594 50 38
437750 49 36
438497 40 44
438718 34 24
438757 45 36
438844 48 36
439615 62 44
439642 51 49
440231 59 27
440592 47 39
440700 41 39
440937 38 26
442567 33 12
442595 42 25
443737 50 41
445166 46 45
446076 52 42
446567 44 31
448017 45 21
448319 48 30
448439 53 47
449024 33 31
449247 44 54
449394 49 36
449409 52 38
450060 58 45
450377 59 38
450378 57 38
450512 42 26
450635 45 28
450774 42 32
450879 36 37
451286 43 27
451373 48 35
451427 52 44
451751 47 37
452135 46 25
452196 43 34
452251 37 40
452279 35 25
452570 39 41
452910 56 26
452996 58 27
453314 52 47
453411 40 38
454982 41 35
455042 41 41
455159 46 41
455238 47 33
455251 50 31
455321 46 53
455381 39 42
455554 46 17
455850 38 42
456101 7 10
456772 62 44
456988 52 31
457735 50 51
458260 50 52
458555 37 26
458971 32 29
459207 43 42
459424 52 41
459795 47 24
460038 48 42
460714 33 43
460771 52 39
460792 56 35
460979 54 42
461488 45 39
461498 44 45
461686 47 33
462481 39 34
462574 58 32
462577 49 34
462678 46 34
462680 47 34
462704 39 39
462921 55 43
462996 58 37
464133 56 39
464243 36 34
464385 19 16
464556 46 48
465012 43 46
465630 54 56
466322 17 24
466445 53 38
466447 51 36
467001 39 29
468078 59 38
468113 49 43
468363 60 39
468671 54 42
468896 46 38
469049 44 30
469104 55 35
469106 53 35
469340 39 35
469444 44 42
469511 49 37
469607 54 51
469693 35 24
470524 40 43
470601 42 35
470644 44 35
470655 46 41
470768 48 37
470986 42 34
471186 58 37
471523 29 42
471805 53 40
471860 62 44
472002 42 28
472077 24 9
472154 33 27
472287 66 25
484064 56 46
484344 39 35
484363 34 39
484557 52 37
484567 47 39
484745 37 34
484988 65 42
485189 45 27
485438 60 35
486000 46 41
486184 39 32
486398 44 40
486423 36 30
486492 51 22
486715 44 34
487270 34 28
487330 24 31
487566 42 31
487707 47 28
487983 41 30
488104 39 44
488143 40 34
488221 68 47
488773 54 28
489004 36 32
489252 48 31
489253 46 32
489274 42 30
489969 56 45
489978 50 49
490348 56 41
490915 33 29
491331 49 41
491386 59 47
491657 30 44
491780 46 35
492286 30 35
492477 45 29
492557 43 35
492669 37 35
492830 48 38
493110 43 28
493497 39 44
493631 43 28
494256 58 36
494343 46 30
494559 45 37
494594 38 18
494931 49 37
494940 46 36
494985 52 45
495103 62 44
495449 51 32
496020 47 31
497077 20 16
497250 31 22
497580 47 44
497606 51 40
497756 56 45
497870 42 41
497976 42 35
498140 46 31
498353 55 41
498443 60 30
498542 49 37
498782 47 46
499034 55 52
499109 28 47
499373 37 36
500150 45 35
500183 38 38
500353 49 35
500405 44 37
500572 43 25
500573 44 25
500827 51 38
501144 33 29
501160 41 35
501217 43 29
501274 44 42
501418 50 35
501439 46 20
501556 40 41
501697 37 37
501952 48 47
502130 43 48
502154 39 36
502167 30 32
502183 25 31
502251 42 36
502285 44 35
502456 39 27
502462 43 27
502678 39 29
502687 37 34
502789 40 28
502936 47 32
503323 50 51
503342 47 35
503770 48 39
503871 44 38
503931 39 43
504065 33 35
504149 39 37
504210 0 91
504635 47 42
504700 49 31
505141 49 39
505147 45 41
505288 47 34
505387 49 31
505464 56 41
505501 43 41
505528 44 35
505539 49 33
505589 46 37
505983 50 37
506229 39 44
506415 25 22
506503 53 38
506517 57 32
506565 53 37
506698 35 42
506894 40 25
506900 42 30
506920 37 38
507294 31 28
507326 44 29
507421 51 34
507721 36 33
507735 44 35
507773 37 31
508357 37 32
508505 38 42
508516 47 37
508520 53 40
508618 46 40
508673 38 40
508850 46 37
509101 40 38
509226 42 33
509737 43 27
510174 47 37
510192 58 33
510314 46 40
510380 41 49
510431 34 25
510539 45 39
510686 38 26
510737 51 38
510803 47 38
510862 43 37
510905 32 43
511236 49 40
511253 56 41
511423 35 27
511520 55 32
511645 55 34
511899 47 46
511900 45 45
511935 33 23
511940 33 25
513755 51 33
513798 44 27
513849 49 40
513865 60 44
514227 42 41
514311 41 22
514413 48 35
514456 54 36
514774 28 41
514828 54 30
514969 51 38
515254 32 41
515329 44 28
515342 49 35
515441 36 31
515486 47 37
516181 35 34
516361 30 13
516427 27 31
516596 49 38
516685 37 37
516686 38 38
516698 35 39
516822 49 35
516838 39 33
517085 47 36
517235 53 41
517485 36 32
517492 42 34
517762 32 32
517891 25 20
517917 32 16
518274 67 38
518433 35 35
518442 37 34
518456 46 36
518460 45 42
518485 51 35
518519 44 37
518603 22 15
518638 31 22
518712 46 33
518961 67 26
519310 38 25
519368 25 21
519599 33 22
519645 38 40
520799 57 46
520844 51 47
520976 52 35
521273 72 51
521636 38 26
522275 55 39
522472 44 44
522475 45 46
522494 50 40
522599 51 24
522839 45 36
523133 48 45
523340 53 31
523364 45 36
523858 41 32
524104 34 43
524204 43 40
524332 49 37
524361 51 43
524375 54 36
524395 48 49
524403 46 54
524426 49 49
524474 30 33
524609 46 23
524694 55 42
525061 54 54
525575 44 32
525736 27 37
525786 30 21
525983 53 27
526007 49 28
526027 51 34
526264 43 31
526296 42 26
526721 51 35
526945 45 45
526993 50 35
528630 40 45
531782 53 32
532018 50 25
532734 46 40
532907 56 54
532922 53 54
533993 52 26
534203 49 42
534215 54 36
534287 47 40
534747 51 36
535421 61 36
535613 49 43
535673 47 32
535757 47 35
535864 38 52
535921 55 30
536220 30 42
536253 43 33
536274 46 30
536283 42 35
536682 51 33
536865 44 46
536884 41 43
537348 44 37
537419 46 37
537456 58 35
537668 32 28
538026 16 31
538040 28 36
538514 46 36
538975 59 36
539044 52 44
539096 48 35
539137 46 45
539263 33 28
539266 33 30
539277 44 34
539603 29 38
539617 26 24
539643 31 20
539771 34 35
540006 41 21
540013 39 24
540068 53 31
540190 63 39
540424 38 35
540582 46 33
540630 37 24
540654 39 31
540764 45 42
540773 39 36
540781 32 34
540796 20 27
541604 41 28
541703 21 18
542104 49 40
542122 56 43
542284 57 41
542299 55 30
542611 39 36
542628 40 38
542762 43 35
543038 48 10
543055 40 13
543066 35 24
543095 50 30
543131 23 28
543241 64 31
543257 52 26
543374 53 38
543767 40 26
543869 45 35
543871 38 36
544094 48 22
544313 43 35
544475 52 52
544514 51 39
544615 46 46
545029 44 43
545044 40 40
545200 55 35
545224 48 47
545230 54 47
545240 55 40
545764 35 29
545808 50 30
546069 39 38
546094 44 36
546296 42 45
546359 44 44
546518 48 40
546521 47 39
546695 50 42
546725 54 36
546737 58 39
546794 44 36
546854 63 30
546875 53 34
547058 58 43
547073 38 49
547191 42 27
547220 43 37
547589 48 39
547721 62 34
547811 42 42
548003 40 32
548165 45 31
548238 47 44
548454 28 27
548479 37 31
548658 53 32
548661 49 35
549001 56 45
549533 49 26
550828 49 40
551493 44 28
552125 39 25
552140 48 27
552232 58 37
552520 64 21
552575 43 41
552596 46 50
552631 49 45
553432 22 16
554455 44 35
554508 35 33
554948 50 39
554990 32 17
555129 34 37
555153 38 35
556357 50 27
557581 24 28
557790 41 23
558217 53 31
558305 36 33
560028 41 36
560258 56 34
560594 57 27
561046 33 33
563281 50 26
568354 40 38
568525 47 25
568774 41 36
568778 45 37
568796 47 41
568983 41 32
569825 55 37
570413 58 41
570503 52 26
570639 54 22
570712 38 22
570813 50 36
571057 37 39
571267 45 31
571642 51 28
571669 44 36
571845 62 47
571900 46 41
572032 51 36
572108 50 47
572441 43 41
572666 62 36
572777 48 39
572927 56 33
573316 67 42
573322 61 39
573377 42 39
573572 56 30
573589 56 37
573677 50 36
573688 63 38
574025 55 31
574082 50 27
574106 55 38
574223 56 40
574253 56 28
574301 46 29
574403 63 41
574790 63 32
575540 65 39
575792 43 29
575867 54 29
576146 63 40
576173 55 38
576314 55 33
577532 47 29
577807 53 29
578047 58 46
578269 49 23
578398 63 35
578417 50 32
578446 46 28
578934 54 40
579103 70 39
579352 62 29
579654 57 34
579662 59 33
580095 54 37
580110 60 29
580303 36 16
580567 54 34
580657 51 29
580687 50 29
581077 49 36
581092 54 34
581419 50 28
581485 63 39
581629 51 47
581730 18 12
581826 46 35
581924 55 39
581996 62 27
582131 46 27
582205 50 23
582549 30 24
582779 46 34
582836 62 24
583169 61 35
583214 55 28
583227 54 35
583347 62 37
583438 67 34
583733 52 24
584116 48 20
584122 51 20
584200 31 22
584476 67 36
584575 64 32
584581 64 33
584632 61 35
584659 54 26
584913 47 27
584983 51 23
585603 49 29
585609 53 25
585632 48 25
585633 45 25
585634 44 23
585770 56 44
585785 55 40
585858 37 33
585914 48 29
585928 49 30
586154 62 22
586618 53 35
586706 56 29
586817 53 30
586818 54 29
586906 38 24
586923 41 30
586939 49 28
586957 75 29
587335 43 28
587502 61 33
587583 64 27
587662 54 25
587799 55 27
587834 47 30
588351 71 29
588773 54 36
588884 40 24
589258 50 26
589409 47 36
589488 58 21
589568 44 30
589635 40 22
589781 61 25
589846 38 31
589894 55 29
589973 42 25
590021 39 26
590610 40 29
590704 48 50
591080 66 39
591535 46 27
591544 45 33
591743 47 28
591935 49 29
591963 62 38
592354 47 24
592540 31 25
592678 48 31
592723 53 27
592909 64 29
593020 62 28
593065 48 34
593405 62 32
593944 48 33
594038 72 40
594702 42 32
594724 45 21
594897 58 28
595028 56 27
595032 57 24
595271 51 36
595631 52 36
595653 48 33
595985 46 27
595994 45 26
596309 50 48
596351 57 41
596459 76 33
596603 68 36
596660 64 32
596829 46 27
596885 51 24
597281 54 27
597452 58 33
597650 54 33
598106 57 22
598193 47 32
598351 40 26
598463 53 22
598868 61 43
599331 52 35
599385 64 31
599703 61 33
599907 55 40
600164 66 30
600232 42 34
600279 60 33
600387 72 34
600478 64 36
600580 58 29
600705 51 38
600961 57 24
601089 60 32
601091 61 34
601578 68 35
602423 55 22
602460 65 33
602635 48 23
602822 64 18
603030 64 40
603083 33 25
603248 42 26
603320 54 22
603684 65 23
604031 55 37
604060 35 33
604061 35 33
604063 37 31
604102 55 27
604147 51 35
604706 42 27
604779 44 25
604920 47 33
605067 47 29
605073 47 28
605164 56 30
605410 60 29
605538 59 37
605856 52 26
606276 70 33
606291 87 26
606358 61 27
606373 77 31
606400 52 39
606401 52 39
606414 49 35
606470 42 34
606566 43 31
606717 51 22
606955 67 45
606970 66 32
607038 49 26
607253 51 31
607289 64 26
607352 64 26
607378 49 30
607382 56 33
607425 29 18
607433 31 15
607449 25 17
607499 45 25
607514 54 27
607627 58 15
607663 56 28
607755 58 28
607797 50 29
607799 47 31
607939 45 10
607966 41 18
608002 29 20
608082 40 24
608111 54 30
608148 51 25
608172 52 22
608175 52 21
608290 27 24
608314 34 18
608486 43 27
608512 45 26
609401 53 24
609489 29 21
609826 41 33
610261 45 25
610441 55 25
610775 38 28
610783 36 32
610942 48 22
612201 40 24
612268 56 34
612895 47 39
613108 58 31
613128 61 19
615280 49 34
619514 54 29
619963 43 21
619998 33 39
620042 60 23
620243 58 24
620359 43 19
620571 42 22
620652 33 17
621689 65 38
621767 63 24
622006 53 35
622067 71 28
622374 47 30
622579 49 38
622786 45 30
622861 77 45
622897 55 42
623027 60 23
623171 47 26
623173 49 26
624392 68 38
624461 61 42
624657 74 22
624776 59 36
624788 55 29
625022 60 38
625103 48 27
625175 55 22
625178 58 23
625479 77 0
625724 61 27
625744 54 31
625781 52 33
625981 44 24
626291 47 25
626612 67 26
626651 48 28
626723 50 31
626933 50 34
627049 50 24
627121 44 23
627269 48 29
627366 67 1
627368 63 0
627462 60 17
627523 92 0
627524 89 0
627535 59 37
627616 41 24
627930 55 24
627936 49 28
628026 66 23
628032 58 24
628036 53 25
628307 56 30
628423 49 20
628611 65 23
628880 44 25
628886 48 25
629019 61 31
629024 60 26
629071 45 39
629080 45 35
629087 45 28
629123 69 29
629150 55 28
629172 43 22
629305 53 25
629471 39 27
629479 59 0
629484 34 21
629555 36 26
629778 66 32
629868 44 27
630138 60 28
630362 40 35
630408 71 35
630483 64 33
630705 63 43
630717 57 39
630732 53 34
631257 67 25
631275 61 26
631967 59 27
631971 57 26
633476 48 20
633855 39 23
637656 55 20
638719 57 16
639030 43 22
639251 66 27
640457 84 33
640491 64 24
641742 25 10
641802 58 20
642095 71 27
642306 59 25
642368 66 31
644086 59 19
644489 63 26
644537 56 28
644695 41 18
645015 57 22
645055 63 30
645350 60 14
645554 67 22
646007 60 29
646345 59 16
646421 54 23
646485 70 21
647185 47 15
647211 43 15
648420 77 16
648450 72 25
649024 78 26
649208 55 8
649599 46 29
651263 60 28
652351 41 20
652580 46 14
653015 59 23
653272 50 16
653744 66 23
654601 44 21
655464 75 19
656556 53 22
657699 50 25
657847 49 24
657917 68 18
658083 56 17
658550 59 16
658654 54 12
658901 36 16
659005 43 16
659414 45 17
659764 57 32
659887 55 23
659920 58 25
660391 56 15
660476 73 27
660535 67 25
660742 57 24
660759 61 28
660775 64 28
661036 64 21
661039 63 18
661160 76 31
661219 53 25
661255 62 17
661359 68 24
661387 71 26
661495 49 22
661777 49 25
661909 66 18
661915 60 21
662135 48 28
662180 44 18
662182 45 18
662193 45 20
662206 46 23
662251 59 29
662271 54 25
662311 69 21
662407 52 21
662668 53 24
662758 72 24
663002 46 27
663071 61 21
663072 63 22
663087 53 15
663500 62 20
663579 74 29
663957 40 13
664656 74 0
664813 64 20
665439 59 25
669416 39 14
670282 105 0
670668 64 25
671059 62 21
673591 68 23
673943 60 19
674559 64 30
675065 58 24
675275 51 32
675960 49 29
676909 69 0
677347 28 20
682893 57 19
683960 61 28
684034 47 17
684036 44 14
684747 54 35
685143 67 31
685197 46 28
685851 52 41
685971 73 27
686422 44 24
686487 58 17
686549 66 29
686687 43 27
686725 42 20
686883 53 21
686935 50 22
687981 55 1
688153 73 43
691909 71 27
692010 63 28
693176 60 29
694030 62 30
695891 51 27
697599 0 75
697612 0 87
697614 1 86
697626 0 91
698455 55 17
699010 60 35
699840 74 35
701017 56 34
701302 59 27
701816 52 26
703105 46 10
703328 66 42
703459 50 27
703490 38 21
703587 71 18
703618 80 27
703798 64 25
703847 48 26
703882 54 31
704017 64 29
704168 69 28
704299 60 30
704414 62 26
704415 63 27
704524 64 29
704784 50 27
704971 50 20
704987 56 28
705105 43 29
705289 71 34
705412 46 20
705439 46 29
705531 45 33
705570 31 15
705575 30 16
705837 54 33
705854 39 24
705906 51 24
705909 54 24
706124 50 26
706188 53 43
707007 55 25
707019 57 26
707032 61 24
707078 49 21
707195 55 26
707249 49 26
708218 49 27
708353 61 0
708437 68 0
709353 95 0
709358 55 46
710002 51 18
710086 49 38
711324 51 37
712169 36 25
715556 49 30
715563 47 32
716148 88 0
716501 92 0
716636 49 29
717670 77 0
717706 50 24
717774 100 0
718406 32 37
718422 35 35
719103 54 37
719585 40 41
719591 40 41
719831 53 34
720743 52 26
721291 39 21
722119 45 32
722183 55 36
722251 39 34
722284 97 0
722313 49 35
722665 51 31
723680 44 38
723919 30 14
724245 35 37
724283 86 0
724363 46 37
724991 85 0
725009 39 35
726746 53 39
727012 41 29
727111 58 0
727117 41 26
727630 3 79
738064 43 28
