10104 39 26
16089 22 29
16111 19 29
16409 26 44
16420 29 47
16444 30 49
16612 6 23
17341 25 46
17369 24 36
17473 40 44
17551 26 21
17590 15 34
17597 16 35
17627 18 37
17656 20 38
17772 14 20
17834 35 42
17898 30 39
17923 30 41
18045 43 56
18354 34 54
18573 35 49
18786 23 37
18837 27 37
19035 36 42
19320 34 54
19439 27 26
19516 22 24
19519 19 25
19702 36 47
19712 37 47
19741 38 49
19885 37 45
19933 21 45
19934 21 47
19954 22 52
19959 23 47
20017 36 49
20044 34 54
20113 44 38
20165 36 43
20227 19 35
20558 27 37
20616 27 50
20710 27 40
20914 31 48
20935 28 40
21400 23 43
21525 32 49
21611 29 32
21634 22 33
21700 30 30
21835 38 41
21948 30 37
21952 31 35
21964 34 42
22020 34 40
22089 21 40
22802 33 39
22824 29 31
22854 32 29
22917 29 50
23133 32 48
23218 35 54
23317 30 43
23611 32 33
23882 27 40
23903 21 35
24041 18 36
24079 39 39
24219 32 47
24261 34 48
24283 32 49
24288 31 46
24334 31 47
24344 30 48
24414 34 44
24465 23 49
24507 27 58
24573 21 42
24614 28 50
24639 31 43
24807 19 37
24855 25 48
24908 29 41
25121 38 37
25135 35 44
25140 36 47
25155 28 45
25165 28 44
25195 29 65
25338 27 33
25367 32 42
25387 34 41
25408 33 42
25425 41 42
25434 41 43
25526 30 54
25649 36 61
25737 22 42
25762 28 44
25774 73 0
25798 27 51
25934 38 39
26039 32 51
26083 28 47
26100 26 56
26376 24 44
26406 28 39
26478 29 48
26951 30 41
27281 15 22
27307 19 32
27345 28 40
27362 32 42
27511 28 40
27620 29 43
27633 38 51
27812 24 23
27915 30 35
28024 25 59
28083 38 46
28333 26 46
28351 20 50
28600 20 24
28615 20 28
28701 12 36
28797 29 39
28845 22 36
29289 25 43
29318 26 46
29513 19 32
29545 27 27
29553 30 30
29631 31 38
29973 32 34
29982 24 23
30411 38 53
30525 34 54
30576 40 44
30800 34 42
31188 28 47
31427 32 58
31441 38 47
31655 35 56
31664 37 56
31691 42 47
31700 42 47
31720 37 47
31746 36 38
31768 27 43
31772 24 43
31992 26 51
32013 30 55
32110 32 45
32283 33 37
32328 27 37
33084 36 24
33270 7 20
33357 22 38
33538 35 61
33600 32 38
33649 45 44
33733 42 54
33944 30 50
33988 34 38
34071 27 34
34132 30 35
34183 43 54
34191 37 52
34588 22 32
34648 27 29
34649 27 29
35548 33 50
36223 29 31
36271 27 41
36439 41 41
36605 22 34
36736 34 26
36742 39 25
36847 25 45
37061 32 51
37482 11 25
37490 12 27
37526 17 32
37674 35 54
37853 33 37
37932 28 46
37984 29 31
38123 24 43
38444 31 50
38762 27 43
38849 17 35
39120 14 34
39233 27 39
39280 32 30
39536 31 48
39845 21 48
40033 24 32
40395 27 37
40437 24 19
40605 32 41
40625 40 40
40661 31 42
40772 36 46
40850 37 41
40910 25 50
40916 29 52
41216 23 36
41678 26 35
41965 32 61
42029 21 48
42183 20 37
42339 41 39
42358 38 38
42587 27 41
42592 26 39
42627 35 46
42680 30 38
42737 26 55
42768 28 47
42817 27 39
43097 21 46
43098 20 43
43139 25 27
43153 21 17
43154 20 19
43309 7 19
43400 24 39
43574 41 50
43808 35 48
44214 28 39
44254 21 39
44603 31 57
44716 28 40
44732 28 44
44755 26 37
45222 14 22
45372 27 47
45405 35 51
45477 31 57
45495 36 63
45564 20 71
45632 32 60
46128 25 65
46177 24 59
46182 22 58
46215 26 43
46341 18 41
46552 26 34
46704 23 47
47214 23 50
47275 31 51
47305 28 45
47495 21 45
47570 21 27
47625 35 47
47693 32 51
47712 32 42
47744 33 54
48002 28 44
48055 33 48
48277 25 41
48308 18 40
48336 25 33
48346 26 30
48381 28 38
48397 24 36
48461 32 42
48878 36 57
48881 34 61
48962 24 58
49323 31 44
49608 13 37
49707 29 34
49823 22 37
50092 26 39
50286 32 54
50442 27 44
50450 24 36
50574 21 39
50591 29 40
50734 21 38
50742 19 35
50925 22 38
51039 21 39
51048 24 39
51264 33 47
51823 26 35
52241 38 54
52657 19 44
52662 23 41
52983 33 49
54502 32 44
58316 27 50
60028 25 50
60666 26 50
61386 25 65
61468 29 42
62868 19 36
63206 26 52
63402 19 50
64080 24 51
64204 25 40
64616 15 48
64663 22 48
64819 20 56
65060 22 47
65100 21 44
65106 21 52
65293 24 59
65330 27 60
65646 16 30
65937 34 57
66214 24 46
66653 28 51
66972 24 59
67382 24 59
69767 17 44
71783 15 42
77016 22 49
77144 11 63
77524 18 62
78486 18 43
80432 16 45
82801 14 50
86729 15 49
86789 15 62
86933 15 65
87194 18 58
87228 14 56
87438 20 74
87851 11 53
88099 29 65
88105 24 61
88949 10 50
88973 14 46
89168 14 70
89447 20 48
89450 20 44
89493 12 52
89494 12 52
89542 21 66
89674 14 54
89775 7 60
89836 12 47
90028 18 68
90030 18 68
90250 20 66
90357 21 65
90413 19 66
90751 15 82
94895 9 57
95088 12 42
95294 6 51
95392 8 50
95509 12 70
95691 13 64
96082 7 44
96131 17 46
96217 10 59
96227 11 61
96323 19 74
102627 13 64
102645 9 60
102824 5 46
102871 13 38
102905 12 51
103107 13 25
103661 14 59
103901 16 61
104033 15 58
104152 8 58
104188 16 55
104277 11 54
104300 15 63
104373 11 63
104377 11 64
104449 8 60
104503 12 60
104515 10 63
104553 9 59
104992 3 36
105254 15 52
105378 17 55
105688 22 66
105838 19 62
105922 27 83
106003 27 83
106689 8 43
107443 12 44
107790 13 50
109532 16 56
110737 5 56
110764 6 55
111322 18 65
111896 11 71
114146 12 57
116085 11 68
116130 12 64
118248 6 66
121618 4 81
122855 5 61
123934 1 63
126632 4 43
126743 4 48
128907 4 82
129960 4 81
132572 63 0
135401 5 78
137285 4 76
137678 2 72
140943 1 64
141630 1 74
142083 5 73
145164 2 65
148156 3 62
148331 0 92
150779 6 70
151127 2 68
151394 6 66
153075 0 72
153222 0 61
156755 0 60
158956 4 64
159166 4 61
159230 2 72
159352 4 48
162494 3 73
163967 6 51
165144 5 61
166587 5 67
168133 4 71
168178 8 67
168578 10 59
168984 5 61
169290 9 74
169452 7 59
169938 9 50
170778 4 63
171097 3 61
178214 6 57
178487 7 60
183307 1 68
183308 0 67
185261 6 26
185411 14 80
185417 11 80
185626 10 75
185846 13 69
186675 7 71
186892 10 57
186916 7 69
186987 5 63
187320 9 63
187353 7 52
187740 11 83
187884 11 48
189080 54 0
189081 54 0
189723 17 69
190876 11 64
191108 2 50
191137 7 42
191184 8 69
191241 7 55
191365 11 47
191560 6 68
191890 11 48
191917 9 67
192641 9 67
193276 10 42
193417 7 52
193473 9 70
193628 7 55
193668 17 66
194047 7 47
194053 8 53
194260 10 72
194299 13 55
194351 15 48
194419 9 55
194533 6 57
194614 11 43
194656 9 49
194811 15 58
195073 10 50
195206 11 70
195358 9 69
195766 11 64
196115 6 32
199105 7 48
199403 6 76
201973 6 39
202394 12 58
202414 8 52
203039 15 39
204167 15 64
205138 11 65
205199 11 51
205208 16 52
205874 11 58
206187 17 48
206336 15 67
206575 10 52
206709 7 41
206756 14 45
206786 14 61
206848 10 65
206892 11 53
206906 11 59
206920 14 62
206936 12 57
206968 12 48
206986 20 52
207040 12 46
207094 19 59
207129 15 65
207220 13 52
207283 23 59
207292 20 62
207346 19 59
207358 18 63
207451 11 59
207631 20 41
207736 12 67
207991 19 49
208181 13 47
208195 11 53
208275 12 73
208418 16 59
208468 10 50
208554 11 62
208804 11 51
208843 10 41
208921 10 56
209095 14 47
209155 12 51
209209 11 55
209482 17 64
209761 11 56
209853 9 41
211768 23 67
212326 13 49
212344 11 62
212349 11 68
212353 11 72
212449 13 64
212482 11 63
212538 4 64
212631 5 56
213031 11 64
213061 19 60
213126 14 66
213146 20 70
213154 20 73
213493 18 69
213556 10 70
213580 13 77
213619 13 61
213646 15 56
213670 5 67
213772 12 48
213849 13 53
213856 11 47
213861 10 49
214071 5 62
214248 14 44
214258 17 50
214305 16 37
214622 9 47
214714 21 57
214833 9 44
214888 3 26
214918 11 35
215116 11 54
215120 10 55
215180 19 42
215285 7 64
215462 8 44
216647 14 70
218831 19 68
218903 18 44
220550 13 52
220551 14 53
220663 19 54
220803 22 51
220950 17 58
223967 10 52
225776 15 46
226779 20 56
231034 9 54
231112 17 48
231426 14 58
232508 19 63
232914 14 52
233081 11 40
233507 11 57
233585 18 51
234325 20 45
234545 15 47
234916 15 55
234988 24 82
234990 21 81
235358 15 64
235423 18 55
236810 18 52
237449 10 32
237780 18 60
237838 18 64
238429 20 66
241114 17 80
242111 21 55
243194 23 52
243291 20 65
243530 6 37
244308 19 38
244768 11 71
244915 27 66
245307 25 57
245680 23 43
245895 19 62
246138 25 44
247567 21 47
249918 5 30
250138 18 57
250455 14 52
250504 11 45
250840 16 32
250896 12 48
252203 19 63
254148 17 60
254474 21 60
254495 19 69
254579 22 66
254632 16 52
255028 14 37
255178 14 50
255189 12 48
255192 13 43
255215 23 44
255330 18 49
255358 22 43
255754 7 37
258590 20 38
258883 26 51
259198 22 49
259415 14 52
259493 20 48
259694 21 54
260357 28 69
260586 20 43
260605 27 56
260618 25 59
261045 18 47
261149 12 33
261362 14 54
261635 26 47
261659 19 47
261740 19 61
261861 18 58
262265 16 50
262301 20 51
262310 15 56
262400 22 39
262513 23 40
263036 22 69
263487 25 40
263592 22 48
263625 12 48
263896 27 61
263968 26 52
264232 18 36
264468 14 45
264537 15 36
265092 23 71
265258 24 52
265328 16 62
265514 26 57
265583 20 47
265690 17 40
266015 15 50
266760 18 43
266800 16 64
266808 22 67
266839 16 48
266907 14 53
266924 19 54
267161 19 36
267267 19 49
268096 22 42
268265 28 47
268398 28 64
268643 18 45
269072 0 55
269266 16 49
269607 18 43
269770 21 48
271098 16 53
271454 0 43
271573 0 66
272165 21 60
272462 6 36
272744 20 56
274575 6 49
274731 81 0
276355 59 0
277334 22 60
277361 26 68
277454 26 42
278085 32 46
278944 68 0
279996 11 25
281196 26 48
281634 25 54
282032 18 43
283562 15 33
287504 13 32
288823 29 60
290428 59 1
294414 16 50
295051 23 50
295871 10 38
296368 22 33
296395 24 38
297017 21 48
297188 17 36
297197 24 44
297254 25 49
297335 26 44
297367 27 41
297637 24 60
297639 23 62
297811 26 42
298017 22 60
298032 20 52
298097 20 34
298111 22 29
298244 17 39
298398 26 45
298461 22 49
299004 19 49
299019 23 42
299119 82 0
299516 24 58
300018 19 44
300266 30 55
301068 30 50
301291 22 59
303907 29 44
303959 28 47
304123 24 60
304164 71 0
304694 17 42
306230 82 0
306251 23 45
307340 17 36
307727 66 1
308752 66 0
308852 28 51
308863 19 41
309213 36 49
309785 31 41
310182 29 25
312061 26 45
312455 21 49
313183 33 47
314164 36 43
314886 23 47
315277 67 1
318992 28 44
319558 30 34
319700 29 49
322463 28 35
322681 22 28
323273 0 76
323274 1 75
323275 0 76
323345 1 99
323368 36 49
323611 0 77
323697 0 76
324248 29 68
324448 18 21
324487 0 49
324624 1 70
324637 1 64
327570 38 45
327675 30 42
328473 39 35
328484 38 41
329213 24 37
329340 29 41
329475 35 45
330042 30 44
330244 30 38
330285 26 34
330286 27 37
330366 31 49
330396 35 53
330504 21 47
330714 25 34
330945 21 50
331024 23 39
331068 27 54
331133 26 28
331402 26 38
331412 24 35
331753 22 23
332418 32 41
332895 24 41
332988 31 47
333290 28 53
333329 24 54
333368 30 52
333374 32 51
333470 35 41
333749 30 38
333896 35 34
333908 31 35
335124 28 52
335873 35 40
336942 35 46
336953 38 45
337017 37 39
337052 29 47
337167 25 59
338244 28 37
338425 42 52
340080 28 34
340448 28 52
341765 36 42
345246 30 35
346116 36 45
347476 31 38
347577 15 14
347729 31 27
348698 34 29
349581 38 46
350502 19 39
350677 27 41
354132 32 52
354458 27 42
356362 34 40
356371 36 45
356410 28 28
356638 36 21
357347 32 36
357349 30 34
358508 42 46
358520 47 37
358644 46 49
359023 31 0
361530 35 32
361585 23 18
361590 23 18
361815 50 40
362414 23 28
362545 20 32
362827 22 27
363497 36 43
363862 39 35
364157 47 30
364967 36 27
365715 34 35
366159 32 32
366459 35 38
366582 27 26
366594 28 29
366897 41 40
367095 35 35
367521 38 31
367559 37 26
367844 40 30
368184 52 40
369030 35 40
370085 39 25
370871 36 38
371210 25 47
371337 27 24
371754 17 14
371958 47 31
372260 27 43
372377 38 30
373135 44 35
373767 41 46
373800 35 37
374055 35 35
374079 30 34
374310 20 19
374660 35 40
374743 71 0
374767 70 0
374809 71 0
376314 35 33
376491 36 36
377032 29 36
377352 38 23
377752 48 28
377888 70 0
379437 36 34
380620 33 33
381032 35 34
381890 28 30
382897 39 47
383565 71 1
383710 16 30
385703 23 12
388127 43 29
388137 38 21
389874 44 28
389980 22 29
390264 26 33
390358 38 20
390378 44 20
390591 52 34
390615 39 38
390789 38 21
390846 33 34
390894 48 34
390955 41 38
391119 51 29
391300 35 43
391359 52 46
391365 56 42
391569 38 21
391591 30 33
391635 47 34
391753 31 25
391797 38 44
391818 46 37
391830 43 33
391872 34 38
391905 42 29
391917 45 26
391962 42 43
391971 45 35
392064 49 28
392077 45 27
392156 31 23
392560 46 32
392590 44 29
392735 21 40
393023 34 30
393051 41 30
393054 44 32
393102 35 23
393111 33 34
393351 35 36
393399 44 39
393426 43 50
393704 49 37
393813 28 27
393864 48 30
393906 35 34
394024 44 25
394077 46 29
394140 53 39
394162 42 27
394168 36 20
394188 46 30
394242 46 30
394393 26 21
394441 22 17
394559 27 22
395170 36 29
395339 38 28
395543 41 41
395702 34 21
395735 49 32
395842 43 36
396545 38 26
396570 31 19
396665 39 34
396731 33 30
396881 37 22
397662 42 36
398212 31 22
398281 47 19
398342 45 27
398441 26 28
398754 36 29
398967 19 19
399957 25 32
400004 28 32
400050 36 31
400127 0 59
400977 31 24
401252 41 31
401892 35 24
402102 44 29
402309 41 41
402456 42 21
402462 46 22
402770 33 28
402782 35 27
402972 40 31
403004 51 33
403094 47 36
403099 49 35
403147 42 37
403154 46 36
403295 45 20
403451 45 15
403836 58 25
403845 53 22
403865 47 20
404001 42 33
404052 54 38
404480 39 35
404621 52 38
404771 32 32
404942 42 19
404996 35 29
405029 34 29
405044 28 22
405757 40 22
405796 41 26
405803 46 29
405842 44 25
405848 47 25
405850 48 25
405962 40 30
406069 44 45
406075 39 44
406134 36 26
406203 32 18
406274 39 22
406275 37 24
406754 59 31
406784 53 30
406841 43 34
407115 45 41
407153 37 32
407286 36 27
407339 51 36
408125 39 31
408356 41 39
408378 44 33
408506 37 27
408509 37 25
408673 32 42
408787 56 43
408946 43 35
409115 31 26
409316 39 28
409623 35 29
409920 34 32
410246 29 27
410738 36 31
410747 51 29
410942 49 25
411041 36 34
411354 45 38
411668 57 29
411929 54 35
411944 56 35
412015 44 30
412274 49 36
412370 33 20
412737 38 28
412764 29 29
413104 36 23
413295 38 23
413315 36 22
413687 46 32
414011 58 36
414026 60 31
414278 47 34
414428 37 29
414683 50 27
414952 29 14
414982 33 15
415126 27 17
415135 29 19
415262 40 28
417422 15 18
418169 32 22
418268 47 29
418301 57 30
418768 54 31
418804 39 27
420064 46 31
420182 0 83
420266 1 79
420267 1 83
420277 0 85
420325 0 75
420341 0 74
422747 45 24
427279 50 25
431064 52 33
433149 51 16
434508 52 15
437956 46 10
442266 40 27
442391 42 29
442393 47 30
442717 28 15
442737 37 27
442990 0 72
445767 52 12
445984 54 25
446678 43 19
447325 58 20
447383 51 12
447755 50 23
448976 51 16
449115 52 19
449641 63 18
453090 57 10
453938 70 14
454973 63 18
456296 48 20
456356 42 14
456438 62 18
457244 37 12
457486 39 17
458515 52 14
459666 48 20
460626 68 13
461486 51 15
461864 63 19
462479 65 28
463555 48 17
463776 52 22
463941 47 13
463993 49 16
464118 53 21
464234 27 12
465006 56 12
465188 59 19
466104 27 12
466589 69 18
467029 39 9
467220 61 13
468489 48 14
469225 47 10
469871 25 5
470302 55 10
470331 63 16
470441 56 20
470845 56 18
473303 41 9
473648 58 21
478701 55 17
480472 53 15
481081 35 14
481896 62 21
484904 61 23
485549 57 16
486859 56 17
487250 56 26
487818 80 23
487935 56 19
488598 63 13
492375 63 17
493333 55 10
495918 61 22
497303 63 19
497844 62 27
498514 60 18
499188 50 20
499614 38 10
500387 39 25
500621 52 17
500627 55 17
500652 61 17
500701 45 13
500721 47 18
500742 47 23
501214 49 20
501247 59 19
501338 35 15
501452 46 13
501463 47 12
501546 53 18
501563 47 20
501765 57 25
501824 51 28
501883 63 31
502079 69 32
502292 57 30
502322 59 21
502486 52 22
502498 46 25
502729 45 13
502885 30 14
502975 26 14
503187 43 14
503261 55 28
503520 45 24
503593 47 17
503659 40 17
503689 40 20
504614 48 15
504677 54 17
504830 58 30
505410 46 22
505441 47 18
506144 40 15
506920 43 17
507053 36 14
507058 34 17
508757 29 17
509173 54 16
509580 45 25
511616 45 21
511916 51 22
513243 56 23
513525 37 16
513630 43 24
513783 39 22
513927 50 17
514134 54 19
515028 21 16
515081 38 18
515089 40 20
515393 32 20
515478 59 23
515537 45 15
515602 41 18
516034 46 14
516909 31 13
517269 61 18
517634 50 19
517970 18 11
518602 58 21
518686 65 29
525219 51 22
525380 61 24
525575 50 17
525960 39 22
527014 35 17
527275 57 20
527281 56 20
527794 55 22
528047 55 25
528195 46 25
529082 40 28
529136 51 19
532649 45 20
532790 46 36
533282 35 27
533533 44 28
534210 48 18
534351 45 31
534813 37 16
534949 35 27
536942 41 21
537552 47 23
537637 61 21
538257 43 15
538397 36 26
538530 32 25
539456 30 28
539903 22 15
540184 49 33
540188 54 29
540589 36 24
540811 42 24
540838 42 25
540985 36 22
541056 40 30
541168 54 36
541405 47 32
541561 16 16
541746 63 32
541750 60 33
541912 45 39
541942 33 39
542034 41 23
542052 41 24
542117 41 21
542157 37 27
542570 41 30
542627 65 34
542645 57 37
542690 44 34
542931 40 21
543005 51 26
543016 52 24
543643 42 26
543829 47 25
544303 51 23
544324 54 15
544644 32 27
544661 33 28
544744 44 40
544998 43 24
545184 39 22
545273 41 25
545517 39 38
545697 45 33
545945 26 23
546186 48 21
546237 47 28
546598 42 19
546706 33 25
547250 40 32
547408 43 31
547464 37 28
547700 63 30
547721 64 29
547766 47 26
548403 53 33
548516 46 24
548771 38 25
549170 60 22
549199 46 41
549239 35 31
549291 25 18
549415 46 26
549448 52 25
549560 34 29
549689 31 24
550173 28 19
550193 33 12
550908 40 20
551869 49 46
551939 39 32
552035 40 30
552067 48 28
552144 36 23
552287 36 30
552334 47 33
552548 34 33
552682 36 35
552709 29 29
552787 42 21
552957 50 35
553207 47 20
553370 38 33
553539 39 23
553652 45 38
553832 27 28
554140 38 32
554151 43 29
554217 51 29
554609 38 33
555245 49 29
555416 61 37
555441 66 39
555551 44 33
555641 38 43
555698 30 27
555821 35 29
556301 49 37
556380 60 22
556391 46 23
556412 60 34
556547 50 30
556862 29 19
556914 25 26
558289 34 36
560313 47 32
560870 47 29
560881 44 29
560883 44 29
560972 47 31
561038 31 20
561043 35 21
561076 37 19
561110 40 29
561350 24 25
561364 37 22
561370 43 21
561394 32 18
561473 33 15
561486 43 20
561496 47 22
568362 38 15
568368 43 12
568547 41 27
568618 44 30
568753 42 30
568837 43 32
568858 37 29
568887 49 37
568902 44 34
568966 58 41
568967 57 42
568996 44 38
569044 37 26
569371 43 31
570002 47 23
570777 49 24
571166 5 2
572046 17 15
572070 34 29
572097 57 23
572102 41 19
572195 40 26
572596 34 28
572597 29 28
574150 45 38
574170 49 41
574190 37 39
574362 51 22
574408 47 21
574682 43 29
574697 41 22
574776 46 25
575525 31 23
576018 43 28
576084 26 34
576121 28 18
576309 47 34
576317 52 30
576383 37 40
576675 38 24
577194 32 13
577269 50 35
577292 54 45
577301 51 41
577325 49 33
577382 20 26
577727 45 22
577754 33 24
577824 48 37
577917 55 29
577988 43 28
578628 43 28
578768 0 70
578769 0 72
579121 53 40
580002 52 32
580005 55 31
580534 46 26
580610 48 21
581286 42 26
581472 58 38
581502 46 32
581872 50 22
581894 59 23
581924 63 35
582057 53 26
582432 18 20
582651 44 25
582726 36 35
582810 42 41
582846 43 33
582944 49 21
582958 43 23
583083 38 37
583481 38 22
583620 38 30
583930 35 28
584126 43 19
584635 43 25
584770 32 26
584861 42 34
585051 33 29
585226 46 26
585292 49 24
585720 24 26
585962 34 24
585996 26 25
586448 42 28
586543 40 32
586546 40 30
586560 36 37
586773 58 28
586794 39 31
586871 45 37
587028 43 41
587725 46 27
588085 35 20
588114 40 25
588859 52 33
588903 37 32
588959 44 22
589185 50 26
589356 44 28
589484 52 31
589622 48 48
589664 64 40
589847 52 32
589893 64 38
589946 61 30
590547 41 31
590833 36 23
590903 39 26
590927 37 23
591058 46 35
591189 48 31
591210 47 39
591230 32 27
591245 29 19
591334 34 24
591335 34 24
591344 35 32
591390 24 20
591420 32 28
591433 28 21
591460 34 21
591502 54 25
591556 43 31
591601 46 27
591830 54 28
592102 27 27
592518 43 31
592909 45 19
593099 39 27
593213 45 36
593575 48 28
593736 39 27
593883 40 34
594246 50 35
594474 49 28
594531 46 38
594588 48 27
594860 39 23
595123 32 29
595364 30 24
595434 27 22
595549 32 22
595591 38 39
595762 43 44
595893 45 34
595975 55 33
596487 54 29
596700 35 28
597130 48 28
597333 43 27
597474 66 33
597561 31 26
597836 39 32
600272 11 3
602521 30 23
602658 44 29
602824 0 70
602860 31 32
603545 54 41
603709 35 25
603842 45 31
604247 16 17
604471 26 20
604879 45 25
605032 44 23
606273 37 24
607186 37 35
607236 41 24
607767 43 47
611511 38 35
612523 35 26
612847 38 27
613268 43 37
613373 51 24
613459 38 30
613773 42 22
614336 48 27
614340 43 31
614500 28 24
614559 23 19
614560 25 18
614583 28 23
614589 29 26
614760 40 27
614792 41 24
614815 52 20
614817 51 20
614958 42 24
614988 47 32
615001 53 34
615324 54 29
615522 48 22
615555 45 20
615762 45 36
616014 49 34
616020 52 33
616069 49 29
616166 28 18
616170 28 20
616988 48 18
617566 25 25
618549 36 28
619154 45 29
619282 42 20
619724 24 22
623406 47 29
625862 48 24
628717 30 29
629833 46 28
636755 38 20
637730 34 27
639288 52 38
644950 45 46
646586 39 21
646870 39 42
647175 27 26
648790 42 28
648909 35 27
649811 36 43
652239 41 38
653558 43 37
653594 45 40
653636 48 30
655139 46 39
655175 36 41
655316 53 37
655325 58 43
655448 45 32
657134 26 33
657203 33 41
657548 35 38
657607 42 28
657611 41 29
657740 35 32
661860 41 29
661984 47 42
662513 37 32
663084 54 54
665037 16 17
665098 43 31
667217 42 39
668534 37 38
671893 40 37
672282 24 29
674211 38 29
676369 34 40
676471 40 45
676653 39 39
676732 48 24
676835 36 34
676906 39 36
676918 40 33
677204 41 33
677208 37 34
677353 29 38
677423 47 41
677439 44 26
677531 24 23
677610 34 37
677650 33 29
677800 39 49
677808 35 45
677842 48 47
677959 28 31
677965 28 34
677986 32 33
678028 48 35
678109 36 35
678145 31 39
678305 40 29
678307 41 29
678323 46 43
678583 10 4
678760 38 41
678892 43 35
679027 48 45
679090 45 27
680931 51 32
682207 35 35
682581 37 38
682650 37 44
686682 49 41
686787 34 37
686859 35 36
688149 31 33
688150 32 34
688151 30 34
688573 32 35
689030 32 28
689058 25 30
689311 41 29
689559 49 35
689570 49 29
689583 44 29
689945 38 31
689965 30 31
689984 28 21
690163 30 41
690429 40 41
691116 47 35
692613 39 38
694274 9 5
694766 49 48
694869 46 45
695004 16 17
695041 21 27
695119 45 41
695360 56 41
695953 43 39
696248 55 30
696648 36 40
696990 19 29
697059 41 33
697679 46 47
698190 34 30
698661 26 30
698697 39 21
698754 49 34
699117 36 38
699153 27 43
699229 39 36
699489 29 24
700167 38 38
701568 41 34
701619 34 27
701962 41 42
702992 38 37
703331 37 35
703408 35 38
703537 35 34
703604 35 30
703884 41 38
703888 40 46
703950 40 40
704095 43 50
704115 58 46
704249 40 49
705006 40 30
705189 51 53
705288 37 41
705402 40 58
705532 41 43
705556 40 35
705571 39 42
705672 47 41
705871 20 17
706529 38 30
706576 29 29
707138 31 19
707188 33 29
707510 44 36
707556 47 44
707766 48 35
708457 31 29
708871 41 36
709318 47 36
709339 0 83
709676 41 35
709753 42 38
709805 37 47
709907 29 32
710082 31 21
710458 50 45
713669 53 25
713711 33 33
714220 25 48
714274 42 36
716056 34 30
716299 19 27
716317 23 18
716326 21 16
716565 25 24
716751 24 17
717121 32 35
717422 35 28
717529 38 24
717905 34 35
718497 27 27
718668 31 21
719054 32 36
720707 35 32
721220 27 23
722746 34 32
723138 42 40
727465 23 21
728933 52 33
730475 35 29
730652 25 19
730789 34 41
730973 23 22
731054 19 31
731081 24 43
731231 49 33
731281 35 36
731633 35 44
731734 34 32
731855 31 41
732034 44 29
732853 35 40
732855 34 41
733072 36 30
733410 39 35
733694 31 31
735428 37 30
735888 27 18
737419 46 34
741003 31 33
743335 47 37
744855 37 38
745341 50 38
745594 47 35
747433 58 32
748071 34 25
753726 49 27
754293 28 20
754365 29 28
754559 38 34
757947 41 32
758122 52 50
758325 54 32
758807 42 47
761389 40 29
761619 42 38
763022 44 22
763472 41 36
765329 30 32
766522 55 0
766894 39 25
769531 26 22
771371 42 38
772187 33 22
772253 39 31
776399 34 23
778346 33 31
